time,open,high,low,close
2006-03-30,1.20299,1.21749,1.2027,1.2168
2006-03-31,1.2168,1.2176,1.20896,1.2115
2006-04-03,1.21211,1.2149,1.2038,1.2139
2006-04-04,1.2137,1.2276,1.21261,1.226
2006-04-05,1.22611,1.23069,1.22469,1.2288
2006-04-06,1.22861,1.23289,1.2202,1.2214
2006-04-07,1.22149,1.222,1.2085,1.2095
2006-04-10,1.21109,1.2129,1.2083,1.2112
2006-04-11,1.2112,1.21541,1.2096,1.2148
2006-04-12,1.2147,1.2169,1.2078,1.2114
2006-04-13,1.2115,1.2133,1.2079,1.21161
2006-04-14,1.21161,1.2118,1.2101,1.2112
2006-04-17,1.2129,1.2288,1.2129,1.2254
2006-04-18,1.2252,1.237,1.22279,1.23671
2006-04-19,1.23671,1.2395,1.2293,1.23781
2006-04-20,1.2379,1.23801,1.2298,1.23091
2006-04-21,1.23091,1.23561,1.2272,1.2341
2006-04-24,1.2375,1.2414,1.2342,1.2389
2006-04-25,1.2388,1.2438,1.23684,1.2429
2006-04-26,1.2429,1.24701,1.239,1.2449
2006-04-27,1.245,1.25459,1.2413,1.2532
2006-04-28,1.2532,1.26381,1.25251,1.2636
2006-05-01,1.2625,1.26879,1.2566,1.258
2006-05-02,1.258,1.2665,1.2562,1.2617
2006-05-03,1.2615,1.2669,1.25979,1.26231
2006-05-04,1.2622,1.27189,1.2578,1.2701
2006-05-05,1.2702,1.27631,1.26775,1.2728
2006-05-08,1.2733,1.27849,1.2697,1.27029
2006-05-09,1.27029,1.2775,1.2667,1.2767
2006-05-10,1.2767,1.2823,1.2754,1.27745
2006-05-11,1.27769,1.2865,1.2696,1.2852
2006-05-12,1.28559,1.2944,1.2846,1.29299
2006-05-15,1.2973,1.2973,1.2782,1.279
2006-05-16,1.27859,1.2866,1.27774,1.285
2006-05-17,1.2851,1.29171,1.27079,1.27419
2006-05-18,1.27431,1.2872,1.2732,1.2851
2006-05-19,1.2848,1.28601,1.2702,1.2767
2006-05-22,1.2768,1.2882,1.27029,1.2853
2006-05-23,1.2848,1.2877,1.2772,1.2783
2006-05-24,1.27849,1.28879,1.27359,1.2774
2006-05-25,1.2773,1.2824,1.27505,1.281
2006-05-26,1.2809,1.28254,1.27079,1.2739
2006-05-29,1.274,1.27689,1.27371,1.2751
2006-05-30,1.2752,1.29051,1.27479,1.2865
2006-05-31,1.2866,1.29001,1.2809,1.28161
2006-06-01,1.28161,1.2822,1.2728,1.2811
2006-06-02,1.2812,1.29379,1.28005,1.29181
2006-06-05,1.29251,1.29766,1.29001,1.29011
2006-06-06,1.29001,1.29319,1.2811,1.2822
2006-06-07,1.28215,1.2837,1.2767,1.2802
2006-06-08,1.2802,1.2809,1.2632,1.26489
2006-06-09,1.26489,1.2681,1.2606,1.26409
2006-06-12,1.26154,1.26489,1.2572,1.25861
2006-06-13,1.2587,1.26119,1.2534,1.25459
2006-06-14,1.25459,1.26409,1.25411,1.26091
2006-06-15,1.261,1.26489,1.2593,1.264
2006-06-16,1.26395,1.2672,1.2622,1.26449
2006-06-19,1.26381,1.2644,1.25565,1.258
2006-06-20,1.258,1.26161,1.2545,1.25891
2006-06-21,1.259,1.2678,1.259,1.2661
2006-06-22,1.2661,1.26789,1.2557,1.25849
2006-06-23,1.2584,1.2588,1.2486,1.2524
2006-06-26,1.25091,1.25991,1.2507,1.25891
2006-06-27,1.25919,1.26189,1.25671,1.2569
2006-06-28,1.25701,1.25861,1.25221,1.25459
2006-06-29,1.25459,1.26699,1.2523,1.2664
2006-06-30,1.2663,1.27949,1.266,1.2783
2006-07-03,1.2789,1.2821,1.2765,1.2801
2006-07-04,1.2801,1.2822,1.2782,1.279
2006-07-05,1.2792,1.28365,1.2711,1.2734
2006-07-06,1.27335,1.2783,1.2723,1.2776
2006-07-07,1.27769,1.2854,1.27689,1.2824
2006-07-10,1.2809,1.28139,1.2726,1.2745
2006-07-11,1.27431,1.27791,1.271,1.27675
2006-07-12,1.27689,1.27774,1.26825,1.2712
2006-07-13,1.2715,1.27299,1.26711,1.2697
2006-07-14,1.26979,1.26979,1.26299,1.2644
2006-07-17,1.2639,1.26409,1.25139,1.2518
2006-07-18,1.25189,1.2557,1.24855,1.2502
2006-07-19,1.2502,1.2608,1.2466,1.25991
2006-07-20,1.26,1.26529,1.25919,1.2633
2006-07-21,1.2635,1.2707,1.2632,1.2706
2006-07-24,1.2707,1.2707,1.2614,1.2624
2006-07-25,1.26224,1.26699,1.25671,1.2584
2006-07-26,1.2584,1.27251,1.25641,1.27129
2006-07-27,1.2712,1.27689,1.2686,1.2696
2006-07-28,1.2695,1.27699,1.2663,1.2751
2006-07-31,1.2765,1.2782,1.2746,1.2774
2006-08-01,1.2774,1.2831,1.2723,1.282
2006-08-02,1.28185,1.2835,1.2782,1.2792
2006-08-03,1.27915,1.2831,1.2747,1.2799
2006-08-04,1.28,1.29091,1.278,1.2879
2006-08-07,1.28839,1.28941,1.2811,1.2819
2006-08-08,1.2819,1.28849,1.2767,1.2767
2006-08-09,1.2773,1.29001,1.2773,1.2875
2006-08-10,1.28725,1.29101,1.2753,1.2793
2006-08-11,1.2792,1.2801,1.2721,1.27251
2006-08-14,1.2734,1.27619,1.27129,1.2723
2006-08-15,1.2722,1.2803,1.2711,1.2791
2006-08-16,1.2789,1.28641,1.2775,1.28431
2006-08-17,1.28421,1.28869,1.28149,1.2832
2006-08-18,1.28301,1.28446,1.27845,1.28281
2006-08-21,1.28389,1.29369,1.2836,1.2873
2006-08-22,1.2872,1.28829,1.27876,1.2812
2006-08-23,1.2812,1.28465,1.278,1.2781
2006-08-24,1.2784,1.28389,1.27561,1.27619
2006-08-25,1.27619,1.2783,1.2733,1.27571
2006-08-28,1.2761,1.2819,1.27571,1.27925
2006-08-29,1.27934,1.28389,1.2753,1.28291
2006-08-30,1.28291,1.2849,1.28139,1.28409
2006-08-31,1.28394,1.2878,1.279,1.2809
2006-09-01,1.2809,1.28451,1.276,1.2836
2006-09-04,1.2853,1.2876,1.28431,1.28569
2006-09-05,1.28569,1.2865,1.28,1.2824
2006-09-06,1.2823,1.2832,1.2774,1.2819
2006-09-07,1.2821,1.28301,1.27105,1.2732
2006-09-08,1.27311,1.2739,1.266,1.2673
2006-09-11,1.2673,1.27359,1.26541,1.271
2006-09-12,1.27079,1.27311,1.26784,1.2695
2006-09-13,1.2691,1.27129,1.26711,1.2697
2006-09-14,1.2697,1.27515,1.26789,1.2723
2006-09-15,1.2723,1.27371,1.26365,1.2651
2006-09-18,1.2643,1.2711,1.2635,1.2707
2006-09-19,1.27091,1.2727,1.26529,1.2677
2006-09-20,1.26789,1.2721,1.2668,1.26879
2006-09-21,1.2687,1.28,1.26855,1.2781
2006-09-22,1.2782,1.28301,1.27769,1.28
2006-09-25,1.2793,1.282,1.27359,1.2745
2006-09-26,1.27489,1.27619,1.2667,1.2687
2006-09-27,1.26879,1.27141,1.26751,1.2706
2006-09-28,1.2707,1.2733,1.26841,1.27036
2006-09-29,1.27065,1.2715,1.2644,1.26621
2006-10-02,1.26801,1.2759,1.2665,1.27419
2006-10-03,1.27419,1.2766,1.2722,1.2735
2006-10-04,1.27359,1.2739,1.2672,1.27129
2006-10-05,1.2715,1.27251,1.26765,1.26955
2006-10-06,1.2696,1.2697,1.2577,1.2604
2006-10-09,1.2591,1.2614,1.2588,1.2601
2006-10-10,1.2601,1.26126,1.2524,1.2532
2006-10-11,1.2532,1.2557,1.25059,1.2524
2006-10-12,1.25251,1.25671,1.25189,1.256
2006-10-13,1.25611,1.25789,1.2488,1.2505
2006-10-16,1.2505,1.2543,1.2492,1.25411
2006-10-17,1.254,1.2566,1.252,1.2545
2006-10-18,1.25441,1.256,1.25034,1.2539
2006-10-19,1.254,1.264,1.25349,1.26271
2006-10-20,1.2629,1.26409,1.26021,1.26161
2006-10-23,1.26119,1.26231,1.25395,1.2551
2006-10-24,1.25519,1.2578,1.2528,1.2559
2006-10-25,1.25579,1.262,1.2557,1.26161
2006-10-26,1.2614,1.27,1.26135,1.26941
2006-10-27,1.26924,1.27561,1.26666,1.27431
2006-10-30,1.27311,1.2735,1.27029,1.2718
2006-10-31,1.27189,1.2783,1.26841,1.2767
2006-11-01,1.2765,1.27939,1.27465,1.27545
2006-11-02,1.27549,1.27849,1.2741,1.278
2006-11-03,1.27791,1.2782,1.269,1.2707
2006-11-06,1.27189,1.2734,1.26936,1.27256
2006-11-07,1.2728,1.2818,1.27251,1.27791
2006-11-08,1.27791,1.28061,1.2753,1.276
2006-11-09,1.27595,1.2846,1.2753,1.28325
2006-11-10,1.2837,1.28941,1.28335,1.2854
2006-11-13,1.2847,1.2879,1.27985,1.28259
2006-11-14,1.2819,1.287,1.28,1.28139
2006-11-15,1.28139,1.2834,1.2782,1.2825
2006-11-16,1.2824,1.2835,1.2789,1.27939
2006-11-17,1.2792,1.285,1.2765,1.285
2006-11-20,1.2821,1.2851,1.2808,1.2818
2006-11-21,1.28161,1.2853,1.28015,1.2846
2006-11-22,1.28441,1.29561,1.28441,1.2939
2006-11-23,1.28441,1.29761,1.28441,1.2952
2006-11-24,1.2952,1.3105,1.295,1.30851
2006-11-27,1.31581,1.31581,1.3101,1.3133
2006-11-28,1.3134,1.321,1.3122,1.32039
2006-11-29,1.3202,1.32141,1.31399,1.3148
2006-11-30,1.3148,1.32705,1.3147,1.3251
2006-12-01,1.326,1.3347,1.32235,1.3341
2006-12-04,1.33554,1.33554,1.32869,1.3336
2006-12-05,1.3336,1.3357,1.32945,1.33189
2006-12-06,1.33181,1.3341,1.32621,1.32866
2006-12-07,1.3286,1.3325,1.328,1.3286
2006-12-08,1.3286,1.343,1.31999,1.33941
2006-12-11,1.31839,1.32621,1.31351,1.3251
2006-12-12,1.3251,1.3289,1.32259,1.3285
2006-12-13,1.3285,1.3288,1.3198,1.32181
2006-12-14,1.32181,1.32491,1.3143,1.31565
2006-12-15,1.3153,1.31804,1.3064,1.30989
2006-12-18,1.30846,1.3118,1.3056,1.3106
2006-12-19,1.3105,1.32149,1.30856,1.32071
2006-12-20,1.32079,1.3245,1.3165,1.3187
2006-12-21,1.3187,1.3213,1.31441,1.31839
2006-12-22,1.31839,1.3212,1.31141,1.3137
2006-12-25,1.3137,1.3166,1.3107,1.31359
2006-12-26,1.31359,1.3143,1.3094,1.31099
2006-12-27,1.31141,1.3177,1.3105,1.31251
2006-12-28,1.31251,1.31991,1.31091,1.3148
2006-12-29,1.3148,1.32079,1.31399,1.3198
2007-01-01,1.3198,1.322,1.31759,1.32189
2007-01-02,1.32189,1.3294,1.32175,1.3276
2007-01-03,1.3276,1.3291,1.31555,1.31711
2007-01-04,1.31711,1.3181,1.3081,1.30929
2007-01-05,1.309,1.31039,1.2984,1.2985
2007-01-08,1.3008,1.304,1.2986,1.304
2007-01-09,1.3037,1.3049,1.29916,1.2997
2007-01-10,1.2996,1.3002,1.29349,1.294
2007-01-11,1.2939,1.30059,1.28859,1.28951
2007-01-12,1.28961,1.2942,1.2871,1.29281
2007-01-15,1.29289,1.29571,1.29191,1.29359
2007-01-16,1.29369,1.2988,1.29131,1.29201
2007-01-17,1.29201,1.295,1.29031,1.294
2007-01-18,1.294,1.29771,1.29036,1.29609
2007-01-19,1.29619,1.30031,1.29191,1.2969
2007-01-22,1.29629,1.29781,1.29289,1.295
2007-01-23,1.295,1.30439,1.29359,1.3023
2007-01-24,1.30241,1.3038,1.2952,1.29629
2007-01-25,1.2965,1.3,1.29191,1.294
2007-01-26,1.29359,1.2942,1.28879,1.29289
2007-01-29,1.29231,1.29639,1.29001,1.29629
2007-01-30,1.29629,1.29809,1.2948,1.2966
2007-01-31,1.2966,1.3037,1.29289,1.3023
2007-02-01,1.30241,1.3041,1.30069,1.3019
2007-02-02,1.3019,1.30496,1.2953,1.29639
2007-02-05,1.29629,1.2967,1.29166,1.29319
2007-02-06,1.29339,1.29911,1.29161,1.2984
2007-02-07,1.2986,1.30259,1.2974,1.3023
2007-02-08,1.30225,1.3045,1.29789,1.304
2007-02-09,1.304,1.3045,1.2987,1.30069
2007-02-12,1.302,1.3037,1.2944,1.29629
2007-02-13,1.29629,1.30421,1.29571,1.3032
2007-02-14,1.3032,1.3148,1.3028,1.31399
2007-02-15,1.31391,1.3169,1.3123,1.31351
2007-02-16,1.3133,1.3147,1.31031,1.3138
2007-02-19,1.31491,1.31629,1.31251,1.3152
2007-02-20,1.31539,1.31879,1.3133,1.3148
2007-02-21,1.3146,1.3165,1.3116,1.31391
2007-02-22,1.31399,1.3142,1.30851,1.31251
2007-02-23,1.31251,1.3186,1.3108,1.3169
2007-02-26,1.3182,1.31999,1.3155,1.3194
2007-02-27,1.31959,1.32621,1.3164,1.32321
2007-02-28,1.323,1.3238,1.31839,1.32289
2007-03-01,1.32294,1.3241,1.31621,1.317
2007-03-02,1.31716,1.32031,1.3147,1.3165
2007-03-05,1.3186,1.3194,1.30775,1.30869
2007-03-06,1.30859,1.3142,1.30851,1.3138
2007-03-07,1.31391,1.3186,1.31141,1.31785
2007-03-08,1.3178,1.3183,1.31191,1.3142
2007-03-09,1.3138,1.31621,1.309,1.3116
2007-03-12,1.31259,1.31991,1.31125,1.31879
2007-03-13,1.3186,1.3221,1.31621,1.319
2007-03-14,1.31919,1.32429,1.3183,1.3235
2007-03-15,1.3234,1.3283,1.3198,1.3283
2007-03-16,1.32839,1.3341,1.3276,1.33181
2007-03-19,1.332,1.33239,1.3285,1.33129
2007-03-20,1.3312,1.3325,1.32779,1.33159
2007-03-21,1.3314,1.341,1.3291,1.33991
2007-03-22,1.34,1.34,1.3315,1.3334
2007-03-23,1.33349,1.33421,1.32839,1.3297
2007-03-26,1.327,1.3346,1.32579,1.33319
2007-03-27,1.3333,1.33659,1.3325,1.33651
2007-03-28,1.3362,1.3371,1.3312,1.3315
2007-03-29,1.3314,1.3352,1.33041,1.33349
2007-03-30,1.3338,1.33966,1.32904,1.3359
2007-04-02,1.33579,1.33801,1.3336,1.33701
2007-04-03,1.3371,1.3382,1.33239,1.3325
2007-04-04,1.3325,1.33779,1.3322,1.3374
2007-04-05,1.3372,1.3441,1.33559,1.3432
2007-04-06,1.3432,1.3432,1.3367,1.3402
2007-04-09,1.3374,1.33801,1.3344,1.33551
2007-04-10,1.33559,1.3453,1.3352,1.3432
2007-04-11,1.343,1.3441,1.3414,1.344
2007-04-12,1.344,1.34969,1.3436,1.34911
2007-04-13,1.34929,1.3549,1.34851,1.3521
2007-04-16,1.35779,1.35779,1.35291,1.35291
2007-04-17,1.35311,1.35919,1.35291,1.3572
2007-04-18,1.3572,1.3616,1.3565,1.3614
2007-04-19,1.3616,1.36299,1.3567,1.36243
2007-04-20,1.36251,1.36375,1.3587,1.3589
2007-04-23,1.36051,1.3606,1.35479,1.3584
2007-04-24,1.35831,1.3645,1.3552,1.36361
2007-04-25,1.36355,1.36631,1.3626,1.3639
2007-04-26,1.36375,1.36539,1.3589,1.3589
2007-04-27,1.35899,1.3676,1.3589,1.3655
2007-04-30,1.36411,1.3676,1.35919,1.36521
2007-05-01,1.36539,1.3672,1.3594,1.3601
2007-05-02,1.36001,1.3611,1.35626,1.35881
2007-05-03,1.35881,1.36201,1.355,1.3556
2007-05-04,1.3556,1.3609,1.35369,1.3589
2007-05-07,1.3598,1.36269,1.35919,1.36001
2007-05-08,1.36001,1.36231,1.3521,1.3541
2007-05-09,1.35421,1.3565,1.3523,1.3527
2007-05-10,1.3527,1.3563,1.34709,1.34831
2007-05-11,1.3484,1.3532,1.34675,1.3521
2007-05-14,1.35349,1.3558,1.3528,1.3543
2007-05-15,1.3543,1.36069,1.35294,1.3596
2007-05-16,1.35951,1.3611,1.35089,1.35239
2007-05-17,1.3523,1.35441,1.3482,1.34969
2007-05-18,1.3496,1.3523,1.34709,1.3513
2007-05-21,1.3525,1.35259,1.3441,1.3466
2007-05-22,1.34689,1.3476,1.34419,1.34521
2007-05-23,1.34521,1.35,1.3418,1.3458
2007-05-24,1.346,1.3462,1.34219,1.343
2007-05-25,1.343,1.3472,1.34151,1.34501
2007-05-28,1.3451,1.346,1.34481,1.34521
2007-05-29,1.3451,1.35181,1.3423,1.34459
2007-05-30,1.3447,1.3458,1.3414,1.3432
2007-05-31,1.3432,1.3472,1.3427,1.34561
2007-06-01,1.34561,1.3458,1.33969,1.34419
2007-06-04,1.34419,1.3498,1.3438,1.3492
2007-06-05,1.34911,1.355,1.349,1.35201
2007-06-06,1.35201,1.35389,1.34891,1.34929
2007-06-07,1.34969,1.35141,1.34261,1.3428
2007-06-08,1.3428,1.343,1.333,1.33601
2007-06-11,1.3362,1.3364,1.33371,1.33559
2007-06-12,1.3354,1.33701,1.3303,1.3306
2007-06-13,1.3306,1.33159,1.32659,1.33101
2007-06-14,1.33101,1.3322,1.3291,1.33159
2007-06-15,1.3314,1.33949,1.3309,1.3379
2007-06-18,1.3384,1.3419,1.3382,1.3416
2007-06-19,1.3416,1.34371,1.33871,1.34241
2007-06-20,1.3423,1.34391,1.3396,1.3396
2007-06-21,1.33941,1.34061,1.33751,1.33941
2007-06-22,1.33941,1.34729,1.3384,1.34709
2007-06-25,1.3466,1.3474,1.3443,1.3468
2007-06-26,1.3466,1.3478,1.3438,1.3449
2007-06-27,1.3449,1.3457,1.3421,1.3455
2007-06-28,1.3455,1.3476,1.3428,1.3447
2007-06-29,1.3447,1.35511,1.3434,1.3536
2007-07-02,1.3543,1.364,1.35311,1.36349
2007-07-03,1.3632,1.3634,1.35899,1.36119
2007-07-04,1.36119,1.3631,1.3608,1.36151
2007-07-05,1.3616,1.3655,1.3584,1.3599
2007-07-06,1.3598,1.364,1.3574,1.36299
2007-07-09,1.36281,1.3639,1.3613,1.3624
2007-07-10,1.3624,1.378,1.36019,1.37601
2007-07-11,1.3761,1.37809,1.37331,1.3754
2007-07-12,1.3754,1.37981,1.3744,1.3788
2007-07-13,1.37861,1.38089,1.3766,1.37849
2007-07-16,1.37739,1.3804,1.37671,1.3777
2007-07-17,1.37781,1.37981,1.3765,1.37901
2007-07-18,1.3792,1.3833,1.3765,1.3807
2007-07-19,1.38089,1.38299,1.37901,1.37981
2007-07-20,1.38,1.38441,1.3784,1.38339
2007-07-23,1.3836,1.3846,1.37981,1.38049
2007-07-24,1.3803,1.38491,1.38021,1.38249
2007-07-25,1.38271,1.38271,1.37011,1.37261
2007-07-26,1.3725,1.37671,1.36969,1.37501
2007-07-27,1.3748,1.3754,1.36299,1.36361
2007-07-30,1.3631,1.3718,1.3626,1.3712
2007-07-31,1.3712,1.3727,1.3672,1.3672
2007-08-01,1.367,1.37101,1.36459,1.36771
2007-08-02,1.3676,1.3708,1.3653,1.37071
2007-08-03,1.3706,1.3816,1.36891,1.3787
2007-08-06,1.38181,1.38389,1.3784,1.37969
2007-08-07,1.37981,1.3816,1.3738,1.3741
2007-08-08,1.37419,1.38249,1.3727,1.3803
2007-08-09,1.3803,1.3816,1.3664,1.36741
2007-08-10,1.3673,1.3705,1.3648,1.36891
2007-08-13,1.36909,1.3711,1.3606,1.3613
2007-08-14,1.3613,1.3626,1.3532,1.35349
2007-08-15,1.3534,1.35349,1.34219,1.3428
2007-08-16,1.3427,1.3447,1.33829,1.3425
2007-08-17,1.3427,1.35349,1.3386,1.3494
2007-08-20,1.34871,1.3508,1.34649,1.34749
2007-08-21,1.3474,1.35201,1.3455,1.3455
2007-08-22,1.34561,1.3558,1.34541,1.355
2007-08-23,1.3549,1.35881,1.354,1.35569
2007-08-24,1.3558,1.3687,1.3556,1.3667
2007-08-27,1.3676,1.3687,1.3637,1.36379
2007-08-28,1.36379,1.3679,1.3599,1.3599
2007-08-29,1.3601,1.36819,1.3565,1.36741
2007-08-30,1.3669,1.36771,1.3596,1.3642
2007-08-31,1.36459,1.37201,1.36231,1.3642
2007-09-03,1.3634,1.3655,1.3608,1.3614
2007-09-04,1.3614,1.36281,1.3556,1.36201
2007-09-05,1.3618,1.3672,1.3572,1.36539
2007-09-06,1.36539,1.37101,1.36379,1.3696
2007-09-07,1.36951,1.3792,1.36661,1.37751
2007-09-11,1.38089,1.3847,1.378,1.38401
2007-09-12,1.3838,1.3914,1.38271,1.3908
2007-09-13,1.3907,1.39241,1.3866,1.38669
2007-09-14,1.387,1.3897,1.3847,1.38781
2007-09-17,1.38681,1.38891,1.3855,1.3865
2007-09-18,1.38669,1.39899,1.38339,1.398
2007-09-19,1.398,1.3988,1.394,1.3969
2007-09-20,1.3969,1.4098,1.3969,1.4079
2007-09-21,1.4077,1.41179,1.40479,1.4092
2007-09-24,1.40911,1.41291,1.4072,1.4074
2007-09-25,1.4075,1.41521,1.40661,1.41521
2007-09-26,1.41501,1.41621,1.41139,1.41331
2007-09-27,1.41321,1.4185,1.41261,1.41521
2007-09-28,1.41521,1.42759,1.41521,1.42649
2007-10-01,1.4271,1.42759,1.4215,1.42361
2007-10-02,1.42361,1.42389,1.41431,1.41521
2007-10-03,1.41531,1.41999,1.40871,1.41
2007-10-04,1.4099,1.41461,1.4076,1.41351
2007-10-05,1.41351,1.41561,1.40459,1.41331
2007-10-08,1.41491,1.41521,1.4039,1.40491
2007-10-09,1.40479,1.41139,1.4017,1.4107
2007-10-10,1.4108,1.41709,1.4097,1.41411
2007-10-11,1.41411,1.42399,1.41381,1.42019
2007-10-12,1.42019,1.4213,1.41611,1.419
2007-10-15,1.41689,1.4243,1.41639,1.42039
2007-10-16,1.42049,1.42239,1.41471,1.4177
2007-10-17,1.4177,1.4228,1.41629,1.42171
2007-10-18,1.42161,1.43059,1.41999,1.42949
2007-10-19,1.42969,1.4318,1.42501,1.42969
2007-10-22,1.4332,1.43491,1.41261,1.418
2007-10-23,1.418,1.42741,1.41729,1.4258
2007-10-24,1.4256,1.427,1.41951,1.42631
2007-10-25,1.42631,1.43351,1.42509,1.4326
2007-10-26,1.4326,1.43991,1.43191,1.4393
2007-10-29,1.4408,1.44361,1.4379,1.44179
2007-10-30,1.44169,1.4444,1.43779,1.444
2007-10-31,1.444,1.4498,1.44261,1.4472
2007-11-01,1.44701,1.4476,1.4408,1.44271
2007-11-02,1.44279,1.45239,1.44261,1.44879
2007-11-05,1.4506,1.45121,1.44511,1.44781
2007-11-06,1.44789,1.457,1.4472,1.45641
2007-11-07,1.45609,1.4723,1.45571,1.46239
2007-11-08,1.4625,1.47009,1.4625,1.46811
2007-11-09,1.46811,1.47499,1.46471,1.4675
2007-11-12,1.466,1.4664,1.45239,1.45239
2007-11-13,1.4526,1.4631,1.45239,1.4621
2007-11-14,1.4619,1.472,1.46171,1.46501
2007-11-15,1.46531,1.47009,1.46109,1.4621
2007-11-16,1.4621,1.46701,1.45881,1.4634
2007-11-19,1.4672,1.46899,1.46239,1.4669
2007-11-20,1.46679,1.48489,1.46381,1.48331
2007-11-21,1.4832,1.4869,1.47839,1.4858
2007-11-22,1.48571,1.48741,1.48249,1.4856
2007-11-23,1.48551,1.49571,1.47881,1.4801
2007-11-27,1.48761,1.49049,1.4812,1.48379
2007-11-28,1.48379,1.4858,1.4715,1.4841
2007-11-29,1.4843,1.48441,1.4726,1.47599
2007-11-30,1.47591,1.47839,1.46299,1.46959
2007-12-03,1.46619,1.47039,1.46261,1.46701
2007-12-04,1.46709,1.47691,1.46381,1.4766
2007-12-05,1.47641,1.4771,1.45979,1.4599
2007-12-06,1.4602,1.46591,1.4541,1.46591
2007-12-07,1.4657,1.46679,1.46041,1.46561
2007-12-10,1.4655,1.47349,1.46419,1.47089
2007-12-11,1.47119,1.47499,1.4646,1.46649
2007-12-12,1.4663,1.47399,1.46531,1.47161
2007-12-13,1.47141,1.4733,1.4587,1.46299
2007-12-14,1.46261,1.46561,1.4415,1.44371
2007-12-17,1.442,1.44511,1.43361,1.4413
2007-12-19,1.442,1.4424,1.434,1.43839
2007-12-20,1.43839,1.4391,1.4317,1.4333
2007-12-21,1.4333,1.4409,1.4332,1.43881
2007-12-24,1.43821,1.4414,1.43779,1.4397
2007-12-25,1.43959,1.44161,1.4391,1.43959
2007-12-26,1.4398,1.4506,1.43941,1.44879
2007-12-27,1.44879,1.464,1.4472,1.46139
2007-12-28,1.46139,1.47299,1.4596,1.4718
2007-12-31,1.47371,1.47499,1.4573,1.46011
2008-01-01,1.46011,1.46299,1.45819,1.46201
2008-01-02,1.46231,1.4743,1.46011,1.47169
2008-01-03,1.47169,1.47789,1.4694,1.47449
2008-01-04,1.47471,1.48181,1.4699,1.47549
2008-01-07,1.47521,1.47521,1.46671,1.4683
2008-01-08,1.55921,1.55928,1.55299,1.5571
2008-01-09,1.4707,1.47399,1.4643,1.4664
2008-01-10,1.4663,1.4812,1.4652,1.4801
2008-01-11,1.48021,1.48159,1.4766,1.47901
2008-01-14,1.4808,1.4912,1.4801,1.4869
2008-01-15,1.4869,1.492,1.47789,1.48021
2008-01-16,1.48021,1.48591,1.46109,1.4664
2008-01-17,1.46591,1.4705,1.4596,1.464
2008-01-18,1.46419,1.46899,1.4602,1.4618
2008-01-21,1.46,1.46,1.4419,1.442
2008-01-22,1.44229,1.46849,1.4373,1.46479
2008-01-23,1.46441,1.46509,1.45191,1.46321
2008-01-24,1.46299,1.47761,1.45979,1.47741
2008-01-25,1.47741,1.47741,1.4664,1.4675
2008-01-28,1.46929,1.4799,1.4666,1.47881
2008-01-29,1.47859,1.47881,1.4743,1.47719
2008-01-30,1.47719,1.48741,1.4758,1.48311
2008-01-31,1.483,1.4914,1.48131,1.4865
2008-02-01,1.48659,1.49321,1.47971,1.47999
2008-02-04,1.4803,1.4846,1.4796,1.4828
2008-02-05,1.48331,1.48331,1.4625,1.46381
2008-02-06,1.4637,1.46671,1.4596,1.46171
2008-02-07,1.4616,1.4649,1.44519,1.44789
2008-02-08,1.5571,1.5571,1.5541,1.5571
2008-02-11,1.45319,1.4577,1.4486,1.4502
2008-02-12,1.45031,1.4609,1.4502,1.45819
2008-02-13,1.4577,1.45941,1.45381,1.4556
2008-02-14,1.45579,1.46471,1.4551,1.46441
2008-02-15,1.46419,1.47061,1.4634,1.46761
2008-02-18,1.46761,1.4691,1.46171,1.46501
2008-02-19,1.46479,1.47571,1.4646,1.47299
2008-02-20,1.4731,1.4733,1.4625,1.4723
2008-02-21,1.47241,1.48359,1.4708,1.4815
2008-02-22,1.48159,1.4856,1.4792,1.4826
2008-02-25,1.48339,1.4843,1.47999,1.48359
2008-02-26,1.48359,1.5039,1.47839,1.49961
2008-02-27,1.49979,1.514,1.4984,1.51181
2008-02-28,1.51181,1.52279,1.5077,1.5196
2008-02-29,1.5187,1.52381,1.5155,1.5192
2008-03-03,1.52031,1.527,1.51639,1.52001
2008-03-04,1.5199,1.5246,1.5177,1.52101
2008-03-05,1.52089,1.52901,1.51529,1.5277
2008-03-06,1.52779,1.53981,1.52739,1.53851
2008-03-07,1.53851,1.54371,1.53259,1.5336
2008-03-10,1.53799,1.5387,1.53231,1.5341
2008-03-11,1.53419,1.5488,1.52879,1.53419
2008-03-12,1.5341,1.5571,1.5341,1.554
2008-03-13,1.55419,1.5645,1.55251,1.56221
2008-03-14,1.5623,1.56821,1.5539,1.56179
2008-03-17,1.5748,1.59031,0.07290224,1.5748
2008-03-18,1.5747,1.5828,1.56169,1.5658
2008-03-19,1.5659,1.57791,1.5587,1.56389
2008-03-20,1.56409,1.56409,1.54031,1.54421
2008-03-21,1.54381,1.56971,1.541,1.56971
2008-03-24,1.54069,1.54481,1.53459,1.5435
2008-03-25,1.5439,1.5657,1.54171,1.56121
2008-03-26,1.56121,1.58579,1.55909,1.5824
2008-03-27,1.582,1.58451,1.57329,1.5814
2008-03-28,1.5809,1.58361,1.575,1.57609
2008-03-31,1.5793,1.58909,1.5751,1.5758
2008-04-02,1.56169,1.56991,1.55419,1.56779
2008-04-03,1.56789,1.5686,1.55171,1.56671
2008-04-04,1.56659,1.5753,1.56441,1.57369
2008-04-07,1.57299,1.57359,1.56389,1.5705
2008-04-08,1.557,1.56296,1.55579,1.5578
2008-04-09,1.56929,1.58609,1.5691,1.5824
2008-04-10,1.5823,1.59031,1.5728,1.57421
2008-04-11,1.57431,1.58501,1.57411,1.5822
2008-04-14,1.57201,1.58859,1.56789,1.5825
2008-04-15,1.5826,1.5873,1.57629,1.57861
2008-04-16,1.57841,1.5976,1.57801,1.59581
2008-04-17,1.59541,1.5976,1.58589,1.5902
2008-04-18,1.59041,1.59541,1.5721,1.57339
2008-04-21,1.5804,1.59431,1.57988,1.59119
2008-04-22,1.59114,1.60131,1.58431,1.5988
2008-04-23,1.59818,1.5998,1.5865,1.5874
2008-04-24,1.5876,1.58849,1.56446,1.56841
2008-04-25,1.56843,1.5707,1.55606,1.5637
2008-04-28,1.56011,1.5688,1.56011,1.56529
2008-04-29,1.56509,1.5661,1.55538,1.55671
2008-04-30,1.55688,1.56387,1.55299,1.56221
2008-05-02,1.5478,1.54981,1.5377,1.5434
2008-05-05,1.5435,1.55181,1.54321,1.54981
2008-05-06,1.54983,1.55916,1.5461,1.55359
2008-05-07,1.55381,1.55381,1.53709,1.53851
2008-05-08,1.55761,1.55761,1.54517,1.54641
2008-05-09,1.53969,1.54899,1.53962,1.54899
2008-05-12,1.5456,1.55688,1.53789,1.554
2008-05-13,1.55364,1.55618,1.5439,1.5477
2008-05-14,1.54729,1.54849,1.5404,1.54691
2008-05-15,1.54679,1.55451,1.54281,1.54509
2008-05-16,1.54524,1.5596,1.54409,1.5596
2008-05-19,1.55831,1.56299,1.54921,1.5528
2008-05-20,1.55299,1.56779,1.55104,1.56541
2008-05-21,1.56441,1.5799,1.56399,1.57881
2008-05-22,1.57871,1.58088,1.56981,1.57319
2008-05-23,1.57319,1.5793,1.5705,1.57851
2008-05-26,1.57684,1.5793,1.57448,1.57793
2008-05-27,1.57781,1.5818,1.56769,1.5691
2008-05-28,1.56927,1.5756,1.56162,1.56561
2008-05-29,1.56521,1.56639,1.54899,1.55181
2008-05-30,1.55159,1.55683,1.54679,1.5541
2008-06-02,1.5564,1.55729,1.54981,1.55461
2008-06-03,1.55461,1.56265,1.5424,1.54502
2008-06-04,1.54507,1.54789,1.54231,1.54326
2008-06-05,1.5434,1.55999,1.53789,1.55889
2008-06-06,1.55909,1.57861,1.55771,1.57851
2008-06-09,1.57901,1.58421,1.5623,1.56436
2008-06-10,1.5647,1.56551,1.54471,1.54641
2008-06-11,1.5465,1.55819,1.54581,1.55579
2008-06-12,1.5554,1.55659,1.53896,1.5461
2008-06-13,1.54519,1.54629,1.53151,1.5369
2008-06-16,1.53917,1.55171,1.5353,1.54739
2008-06-17,1.54739,1.5549,1.54648,1.55219
2008-06-18,1.552,1.554,1.54691,1.55381
2008-06-19,1.5539,1.55868,1.54691,1.55099
2008-06-20,1.55099,1.56519,1.5495,1.56279
2008-06-23,1.55989,1.56255,1.54739,1.55229
2008-06-24,1.5526,1.56201,1.54969,1.557
2008-06-25,1.55703,1.5686,1.55419,1.5674
2008-06-26,1.5675,1.57659,1.56421,1.5753
2008-06-27,1.57505,1.5799,1.5726,1.5753
2008-06-30,1.5794,1.58351,1.57349,1.575
2008-07-02,1.57921,1.58919,1.57831,1.58781
2008-07-03,1.58801,1.59051,1.5685,1.57001
2008-07-04,1.56981,1.5726,1.56691,1.57139
2008-07-07,1.5705,1.5749,1.5616,1.57201
2008-07-08,1.54181,1.5502,1.53139,1.53339
2008-07-09,1.56676,1.5749,1.56539,1.57359
2008-07-10,1.57349,1.5798,1.56959,1.57851
2008-07-11,1.57871,1.5949,1.57679,1.5949
2008-07-14,1.5915,1.59332,1.58461,1.58909
2008-07-15,1.58897,1.60282,1.5874,1.5899
2008-07-16,1.59003,1.59459,1.5806,1.5822
2008-07-17,1.5821,1.58919,1.57925,1.58559
2008-07-18,1.58539,1.58821,1.5812,1.58539
2008-07-21,1.58341,1.59309,1.58321,1.59139
2008-07-22,1.59132,1.59421,1.57679,1.57921
2008-07-23,1.57933,1.5798,1.5673,1.56924
2008-07-24,1.56929,1.57112,1.5636,1.56887
2008-07-25,1.5689,1.5751,1.56649,1.5673
2008-07-28,1.56981,1.57649,1.5687,1.57413
2008-07-29,1.57401,1.5758,1.55572,1.55909
2008-07-30,1.55889,1.56133,1.5526,1.55737
2008-07-31,1.55734,1.56971,1.5572,1.55931
2008-08-08,1.53341,1.5336,1.49999,1.50489
2008-08-26,1.4619,1.46811,1.45779,1.46479
2008-08-27,1.46479,1.47719,1.46419,1.47258
2008-08-28,1.4723,1.4808,1.46811,1.47141
2008-08-29,1.47119,1.47639,1.4646,1.46709
2008-09-01,1.46927,1.47031,1.45649,1.45749
2008-09-02,1.45779,1.4596,1.44741,1.45159
2008-09-03,1.4518,1.45317,1.43887,1.4486
2008-09-04,1.44865,1.454,1.4227,1.42649
2008-09-05,1.426,1.43369,1.42029,1.42749
2008-09-08,1.50489,1.505,1.50401,1.505
2008-09-09,1.41521,1.4225,1.4055,1.41485
2008-09-10,1.41501,1.41719,1.396,1.39841
2008-09-11,1.39831,1.4039,1.3897,1.3996
2008-09-12,1.3998,1.42399,1.3978,1.42399
2008-09-15,1.43055,1.44741,1.4101,1.4269
2008-09-16,1.42639,1.42761,1.40891,1.41351
2008-09-17,1.41351,1.438,1.41064,1.43293
2008-09-18,1.43281,1.45271,1.429,1.43049
2008-09-19,1.43049,1.4497,1.41601,1.44179
2008-09-22,1.4453,1.48571,1.4453,1.4796
2008-09-23,1.4796,1.48262,1.4628,1.46929
2008-09-24,1.4691,1.47401,1.4613,1.46331
2008-09-25,1.4634,1.47649,1.45841,1.46419
2008-09-26,1.4643,1.46791,1.4563,1.4599
2008-09-29,1.4548,1.45603,1.431,1.43933
2008-09-30,1.43941,1.44179,1.40209,1.40964
2008-10-01,1.4103,1.41703,1.3987,1.40162
2008-10-02,1.40209,1.40209,1.3762,1.3808
2008-10-03,1.38061,1.38968,1.37201,1.37849
2008-10-06,1.36502,1.36741,1.34532,1.35049
2008-10-07,1.351,1.373,1.34891,1.35881
2008-10-08,1.505,1.505,1.4914,1.49571
2008-10-09,1.3629,1.37838,1.35842,1.3598
2008-10-10,1.36001,1.36359,1.3283,1.3398
2008-10-13,1.3618,1.36741,1.34617,1.36219
2008-10-14,1.36219,1.3761,1.36141,1.3618
2008-10-15,1.36151,1.36818,1.343,1.34439
2008-10-16,1.3443,1.3532,1.33579,1.349
2008-10-17,1.349,1.3515,1.3393,1.3423
2008-10-20,1.3405,1.35269,1.3292,1.33133
2008-10-21,1.3314,1.3352,1.3053,1.30611
2008-10-22,1.30594,1.3068,1.2791,1.28167
2008-10-23,1.28154,1.2998,1.2734,1.2945
2008-10-24,1.29411,1.29411,1.2505,1.26299
2008-10-27,1.26381,1.26621,1.2353,1.24646
2008-10-28,1.24684,1.28301,1.23429,1.2809
2008-10-29,1.28149,1.29776,1.2636,1.29592
2008-10-30,1.29601,1.32659,1.2819,1.2868
2008-10-31,1.288,1.288,1.26801,1.2702
2008-11-03,1.2775,1.28944,1.25819,1.2618
2008-11-04,1.26202,1.3046,1.25302,1.2984
2008-11-05,1.2985,1.31031,1.28098,1.29181
2008-11-06,1.29142,1.29271,1.26801,1.2695
2008-11-07,1.26929,1.28474,1.26581,1.27141
2008-11-10,1.28248,1.29261,1.2726,1.27479
2008-11-11,1.27481,1.27974,1.2487,1.2516
2008-11-12,1.2526,1.26299,1.24428,1.2459
2008-11-13,1.2467,1.2834,1.24009,1.27887
2008-11-14,1.27881,1.2798,1.259,1.2597
2008-11-17,1.2529,1.27385,1.2518,1.2644
2008-11-18,1.26454,1.2691,1.2572,1.2637
2008-11-19,1.26341,1.27982,1.248,1.25053
2008-11-20,1.25033,1.2584,1.24339,1.2439
2008-11-21,1.24411,1.26358,1.2437,1.2591
2008-11-24,1.26376,1.29561,1.25718,1.29177
2008-11-25,1.29161,1.30741,1.2812,1.30341
2008-11-26,1.30341,1.30341,1.2825,1.28992
2008-11-27,1.28962,1.29571,1.2865,1.28951
2008-11-28,1.28961,1.2951,1.26542,1.26979
2008-12-01,1.26751,1.27016,1.25861,1.25991
2008-12-02,1.25979,1.27613,1.25702,1.27133
2008-12-03,1.27092,1.274,1.2611,1.27079
2008-12-04,1.27041,1.28421,1.2563,1.2774
2008-12-05,1.27769,1.2792,1.26381,1.2717
2008-12-08,1.48989,1.4964,1.48181,1.4918
2008-12-09,1.29141,1.2996,1.2809,1.29261
2008-12-10,1.29274,1.30519,1.29081,1.30141
2008-12-11,1.30159,1.33949,1.30086,1.333
2008-12-12,1.33292,1.34099,1.32554,1.3354
2008-12-15,1.344,1.37219,1.3436,1.3696
2008-12-16,1.36962,1.41331,1.3637,1.40619
2008-12-17,1.40639,1.44281,1.40229,1.44084
2008-12-18,1.44069,1.468,1.4211,1.42931
2008-12-19,1.4292,1.4307,1.38299,1.3926
2008-12-22,1.398,1.41139,1.39159,1.39591
2008-12-23,1.39579,1.40199,1.3919,1.39379
2008-12-24,1.3941,1.4018,1.3939,1.40089
2008-12-25,1.4007,1.41401,1.39841,1.4015
2008-12-26,1.4016,1.41129,1.39948,1.4027
2008-12-29,1.4106,1.436,1.39251,1.4039
2008-12-30,1.40355,1.42201,1.40021,1.41401
2008-12-31,1.41361,1.41451,1.3855,1.398
2009-01-01,1.398,1.4054,1.3955,1.39989
2009-01-02,1.40027,1.40231,1.38429,1.39229
2009-01-05,1.39579,1.39579,1.3556,1.36459
2009-01-06,1.36318,1.36318,1.33181,1.351
2009-01-07,1.34995,1.37419,1.34372,1.3611
2009-01-08,1.36134,1.37844,1.3538,1.3699
2009-01-09,1.36998,1.37248,1.3419,1.3455
2009-01-12,1.3427,1.34439,1.33049,1.33601
2009-01-13,1.33601,1.33601,1.3157,1.3202
2009-01-14,1.32071,1.33269,1.3102,1.3217
2009-01-15,1.3205,1.323,1.30431,1.31581
2009-01-16,1.31621,1.33339,1.31499,1.3292
2009-01-19,1.33579,1.33763,1.30617,1.3094
2009-01-20,1.30979,1.30993,1.28541,1.28849
2009-01-21,1.28859,1.30705,1.2851,1.30051
2009-01-22,1.2989,1.30729,1.29201,1.30068
2009-01-23,1.30064,1.30152,1.2776,1.2965
2009-01-26,1.29021,1.3234,1.2866,1.31919
2009-01-27,1.31884,1.3315,1.31309,1.3216
2009-01-28,1.32202,1.3312,1.3108,1.31532
2009-01-29,1.3151,1.31688,1.29221,1.29379
2009-01-30,1.2939,1.2939,1.2782,1.2837
2009-02-02,1.2754,1.28931,1.271,1.28149
2009-02-03,1.2812,1.30511,1.28052,1.30129
2009-02-04,1.30141,1.30673,1.2823,1.28556
2009-02-05,1.28569,1.28981,1.2775,1.27912
2009-02-06,1.27903,1.29879,1.27571,1.29271
2009-02-09,1.29609,1.3084,1.28859,1.29591
2009-02-10,1.2968,1.30501,1.2813,1.29141
2009-02-11,1.29181,1.29907,1.28388,1.2868
2009-02-12,1.2866,1.29378,1.27311,1.28909
2009-02-13,1.28859,1.2942,1.28259,1.2866
2009-02-16,1.27939,1.282,1.2732,1.2799
2009-02-17,1.27936,1.27936,1.2566,1.25819
2009-02-18,1.2596,1.26341,1.25218,1.2569
2009-02-19,1.25666,1.27549,1.25611,1.2659
2009-02-20,1.26593,1.29329,1.25641,1.29329
2009-02-23,1.2791,1.2985,1.26781,1.26781
2009-02-24,1.26751,1.2877,1.2669,1.2874
2009-02-25,1.2866,1.28961,1.2696,1.27243
2009-02-26,1.27199,1.28061,1.2695,1.27205
2009-02-27,1.2721,1.27489,1.2614,1.26789
2009-03-02,1.25983,1.26259,1.25459,1.25641
2009-03-03,1.2562,1.26722,1.25301,1.25318
2009-03-04,1.2532,1.2664,1.2469,1.26381
2009-03-05,1.26296,1.26381,1.2485,1.25467
2009-03-06,1.2548,1.2741,1.25459,1.26381
2009-03-09,1.2717,1.27239,1.256,1.26228
2009-03-10,1.2622,1.2818,1.2622,1.27167
2009-03-11,1.27154,1.28631,1.2632,1.28067
2009-03-12,1.28062,1.2942,1.27359,1.28989
2009-03-13,1.29001,1.29544,1.2871,1.29299
2009-03-16,1.28863,1.30669,1.2872,1.29761
2009-03-17,1.29698,1.304,1.29359,1.30332
2009-03-18,1.30341,1.353,1.29929,1.3484
2009-03-19,1.34891,1.37319,1.34241,1.36619
2009-03-20,1.3664,1.3721,1.35311,1.3582
2009-03-23,1.36282,1.37289,1.35062,1.36205
2009-03-24,1.36169,1.36788,1.34414,1.34813
2009-03-25,1.3486,1.36151,1.34289,1.3577
2009-03-26,1.3577,1.36349,1.3508,1.35307
2009-03-27,1.353,1.35899,1.32689,1.3292
2009-03-30,1.3264,1.3285,1.3124,1.31862
2009-03-31,1.3185,1.33371,1.3182,1.3247
2009-04-01,1.3245,1.3279,1.31759,1.3241
2009-04-02,1.32421,1.35069,1.32399,1.34669
2009-04-03,1.3466,1.3494,1.3376,1.34891
2009-04-06,1.3527,1.35779,1.3364,1.34057
2009-04-07,1.34054,1.3407,1.32359,1.32774
2009-04-08,1.3282,1.3308,1.31593,1.32514
2009-04-09,1.32521,1.3333,1.31391,1.316
2009-04-10,1.3156,1.3198,1.31017,1.31759
2009-04-13,1.31813,1.33921,1.31384,1.3364
2009-04-14,1.33699,1.33779,1.32391,1.3274
2009-04-15,1.3274,1.32899,1.3157,1.32259
2009-04-16,1.3228,1.32666,1.31351,1.31804
2009-04-17,1.31848,1.3198,1.30241,1.3045
2009-04-20,1.30482,1.30482,1.29011,1.29289
2009-04-21,1.29293,1.2987,1.29012,1.29349
2009-04-22,1.29339,1.30331,1.29009,1.30058
2009-04-23,1.30049,1.3156,1.2985,1.3141
2009-04-24,1.31399,1.32989,1.31191,1.3258
2009-04-27,1.32251,1.32321,1.30073,1.3019
2009-04-28,1.30259,1.31653,1.29724,1.31309
2009-04-29,1.3129,1.3338,1.31251,1.32659
2009-04-30,1.32622,1.3382,1.31999,1.32352
2009-05-01,1.32329,1.33269,1.32329,1.32681
2009-05-04,1.32829,1.344,1.32149,1.34187
2009-05-05,1.3419,1.34369,1.32899,1.33159
2009-05-06,1.33172,1.3372,1.3248,1.33129
2009-05-07,1.33158,1.34709,1.3255,1.33921
2009-05-08,1.33957,1.36521,1.33454,1.3639
2009-05-11,1.3624,1.36679,1.35621,1.35899
2009-05-12,1.3591,1.3708,1.3568,1.3645
2009-05-13,1.36459,1.3721,1.3575,1.35886
2009-05-14,1.35931,1.36647,1.3532,1.36361
2009-05-15,1.36357,1.3648,1.34649,1.3502
2009-05-18,1.34813,1.35639,1.3428,1.3558
2009-05-19,1.35615,1.36679,1.35349,1.36323
2009-05-20,1.36323,1.38299,1.35849,1.3773
2009-05-21,1.37741,1.39252,1.3734,1.39061
2009-05-22,1.39053,1.40501,1.39036,1.40031
2009-05-25,1.40243,1.40347,1.39659,1.4007
2009-05-26,1.40048,1.40231,1.38619,1.3994
2009-05-27,1.39931,1.40021,1.3824,1.38339
2009-05-28,1.38359,1.39809,1.3796,1.39311
2009-05-29,1.39309,1.41651,1.3928,1.41571
2009-06-01,1.41189,1.4245,1.41026,1.41639
2009-06-02,1.41611,1.43324,1.41064,1.43086
2009-06-03,1.43074,1.43369,1.41119,1.41497
2009-06-04,1.41551,1.42361,1.4074,1.4178
2009-06-05,1.41792,1.4268,1.39359,1.39719
2009-06-08,1.39398,1.39997,1.38108,1.3903
2009-06-09,1.3914,1.4099,1.3855,1.40633
2009-06-10,1.406,1.41427,1.39181,1.39839
2009-06-11,1.39841,1.41749,1.3954,1.41109
2009-06-12,1.41089,1.41301,1.39429,1.40011
2009-06-15,1.39856,1.40015,1.37612,1.37849
2009-06-16,1.37861,1.39299,1.37519,1.38299
2009-06-17,1.38303,1.398,1.3812,1.39381
2009-06-18,1.39371,1.39999,1.3876,1.3915
2009-06-19,1.3914,1.40021,1.3886,1.3947
2009-06-22,1.39383,1.39392,1.38301,1.38652
2009-06-23,1.3865,1.41082,1.3832,1.4072
2009-06-24,1.40768,1.41381,1.38924,1.3941
2009-06-25,1.394,1.40117,1.38929,1.39856
2009-06-26,1.39856,1.41161,1.39856,1.4053
2009-06-29,1.40621,1.4102,1.3985,1.40861
2009-06-30,1.40879,1.41511,1.40058,1.40388
2009-07-01,1.4039,1.41999,1.4004,1.41409
2009-07-02,1.41331,1.41489,1.39355,1.39575
2009-07-03,1.39606,1.40274,1.39464,1.396
2009-07-06,1.39579,1.3998,1.38837,1.3977
2009-07-07,1.39766,1.40501,1.39059,1.39159
2009-07-08,1.39169,1.39386,1.38351,1.38791
2009-07-09,1.38804,1.40687,1.386,1.4028
2009-07-10,1.40247,1.4027,1.38829,1.3934
2009-07-13,1.3969,1.40007,1.39034,1.39901
2009-07-14,1.3987,1.40154,1.39144,1.39716
2009-07-15,1.39717,1.41321,1.39651,1.4102
2009-07-16,1.4106,1.41611,1.4059,1.41411
2009-07-17,1.41411,1.41467,1.40683,1.4105
2009-07-20,1.4227,1.4229,1.42118,1.42118
2009-07-21,1.42177,1.42185,1.41985,1.41985
2009-07-22,1.42068,1.42114,1.42007,1.4206
2009-07-23,1.41629,1.41699,1.41611,1.41633
2009-07-24,1.4212,1.4212,1.4212,1.4212
2009-07-27,1.42426,1.42472,1.42314,1.4247
2009-07-28,1.41633,1.41689,1.41427,1.41461
2009-07-29,1.4027,1.40351,1.40125,1.40146
2009-07-30,1.4076,1.40891,1.4072,1.40849
2009-07-31,1.426,1.426,1.426,1.426
2009-08-03,1.44179,1.44219,1.44119,1.44119
2009-08-04,1.44001,1.44223,1.44001,1.44196
2009-08-05,1.4419,1.44215,1.44111,1.44117
2009-08-06,1.43618,1.4373,1.43579,1.4373
2009-08-07,1.4191,1.4191,1.4191,1.4191
2009-08-10,1.41377,1.41377,1.41277,1.41311
2009-08-11,1.41549,1.41571,1.41491,1.41501
2009-08-12,1.42033,1.42209,1.42033,1.42171
2009-08-13,1.4282,1.42871,1.42759,1.42759
2009-08-14,1.4207,1.4207,1.4207,1.4207
2009-08-17,1.40819,1.4106,1.40819,1.4106
2009-08-18,1.41311,1.41673,1.41311,1.41651
2009-08-19,1.42266,1.4255,1.42266,1.42539
2009-08-20,1.4255,1.4269,1.4255,1.426
2009-08-21,1.43209,1.43209,1.43209,1.43209
2009-08-24,1.42931,1.42982,1.42859,1.42931
2009-08-25,1.43012,1.43031,1.42837,1.42841
2009-08-26,1.42481,1.42539,1.42361,1.42363
2009-08-27,1.43519,1.43769,1.43509,1.4373
2009-08-28,1.43021,1.436,1.43021,1.436
2009-08-31,1.43379,1.43443,1.43379,1.43427
2009-09-01,1.42203,1.42239,1.42031,1.4212
2009-09-02,1.42741,1.428,1.42723,1.42741
2009-09-03,1.42576,1.42631,1.42539,1.42564
2009-09-04,1.42941,1.42941,1.42941,1.42941
2009-09-07,1.43369,1.43414,1.4332,1.4332
2009-09-08,1.45045,1.45121,1.45039,1.45041
2009-09-09,1.45556,1.45582,1.45469,1.4548
2009-09-10,1.45841,1.45849,1.4577,1.45813
2009-09-11,1.458,1.458,1.458,1.458
2009-09-14,1.46368,1.46432,1.46257,1.46432
2009-09-15,1.4663,1.46746,1.46606,1.46709
2009-09-16,1.4708,1.47191,1.47061,1.47119
2009-09-17,1.4741,1.4744,1.4731,1.4733
2009-09-18,1.47161,1.47161,1.47161,1.47161
2009-09-21,1.46849,1.46951,1.46823,1.46841
2009-09-22,1.47973,1.48375,1.47973,1.4812
2009-09-23,1.4713,1.47291,1.4707,1.4726
2009-09-24,1.4657,1.4661,1.4628,1.46509
2009-09-25,1.46849,1.46849,1.46849,1.46849
2009-09-28,1.46284,1.46351,1.46216,1.46216
2009-09-29,1.4589,1.4597,1.4583,1.45917
2009-09-30,1.46411,1.4657,1.46411,1.4655
2009-10-01,1.45433,1.45433,1.45138,1.45159
2009-10-02,1.458,1.459,1.458,1.459
2009-10-05,1.46499,1.46628,1.46499,1.466
2009-10-06,1.4718,1.47371,1.47176,1.47217
2009-10-07,1.46897,1.4718,1.46897,1.47115
2009-10-08,1.4778,1.47839,1.47645,1.47813
2009-10-09,1.47341,1.47341,1.47341,1.47341
2009-10-12,1.47835,1.47999,1.47835,1.47929
2009-10-13,1.4848,1.4854,1.48408,1.4846
2009-10-14,1.49301,1.4939,1.49294,1.49321
2009-10-15,1.49423,1.4958,1.49345,1.4956
2009-10-16,1.4908,1.4908,1.4908,1.4908
2009-10-19,1.4964,1.4977,1.4962,1.49649
2009-10-20,1.49361,1.49361,1.49245,1.49345
2009-10-21,1.50179,1.5022,1.50069,1.50069
2009-10-22,1.50299,1.50439,1.50299,1.50419
2009-10-23,1.50101,1.50101,1.50101,1.50101
2009-10-26,1.4995,1.50591,1.48469,1.48617
2009-10-27,1.48577,1.4926,1.47741,1.4817
2009-10-28,1.4824,1.48401,1.46951,1.4718
2009-10-29,1.47191,1.48595,1.46871,1.48401
2009-10-30,1.4841,1.48591,1.4705,1.4733
2009-11-02,1.47119,1.48423,1.47119,1.47741
2009-11-03,1.47734,1.4806,1.46291,1.4731
2009-11-04,1.47271,1.49009,1.47046,1.4869
2009-11-05,1.4863,1.4916,1.48139,1.48781
2009-11-06,1.48741,1.49129,1.48139,1.48489
2009-11-09,1.4863,1.50193,1.48555,1.5008
2009-11-10,1.50051,1.50195,1.4943,1.49898
2009-11-11,1.50011,1.5048,1.49564,1.4984
2009-11-12,1.49844,1.50164,1.48258,1.48569
2009-11-13,1.48584,1.4935,1.48331,1.49089
2009-11-16,1.4962,1.50155,1.48865,1.49837
2009-11-17,1.49831,1.49979,1.4812,1.4877
2009-11-18,1.48763,1.499,1.48701,1.49539
2009-11-19,1.4958,1.4958,1.4846,1.49162
2009-11-20,1.4916,1.49361,1.48069,1.48639
2009-11-23,1.48721,1.49979,1.48721,1.4962
2009-11-24,1.4958,1.49871,1.489,1.49667
2009-11-25,1.49671,1.51453,1.4962,1.51279
2009-11-26,1.51261,1.51364,1.49551,1.4973
2009-11-27,1.49741,1.49979,1.48339,1.49909
2009-11-30,1.50008,1.50841,1.4975,1.5039
2009-12-01,1.50344,1.51181,1.49759,1.509
2009-12-02,1.50907,1.51101,1.5034,1.50698
2009-12-03,1.5067,1.51378,1.5041,1.50655
2009-12-04,1.5063,1.5093,1.4824,1.48571
2009-12-07,1.48748,1.4904,1.47658,1.48412
2009-12-08,1.48339,1.48659,1.46774,1.4697
2009-12-09,1.4694,1.4778,1.4678,1.4738
2009-12-10,1.47382,1.47599,1.4689,1.47295
2009-12-11,1.47299,1.47769,1.45911,1.4619
2009-12-14,1.4628,1.46849,1.46109,1.4657
2009-12-15,1.46561,1.46591,1.45081,1.45421
2009-12-16,1.454,1.45881,1.45089,1.4526
2009-12-17,1.45243,1.4534,1.43092,1.4347
2009-12-18,1.4346,1.4408,1.42647,1.43491
2009-12-21,1.4334,1.43709,1.4268,1.42867
2009-12-22,1.42878,1.4332,1.42219,1.42544
2009-12-23,1.42558,1.4366,1.42393,1.43361
2009-12-24,1.43369,1.44179,1.4333,1.4385
2009-12-25,1.4385,1.44379,1.43631,1.43991
2009-12-28,1.43748,1.4415,1.43563,1.4375
2009-12-29,1.4375,1.44561,1.4339,1.43431
2009-12-30,1.4348,1.4362,1.4278,1.43421
2009-12-31,1.43421,1.4439,1.43105,1.43271
2010-01-01,1.43271,1.4402,1.43271,1.43899
2010-01-04,1.431,1.44519,1.42621,1.4424
2010-01-05,1.44271,1.44831,1.43519,1.4366
2010-01-06,1.4366,1.44346,1.42912,1.4404
2010-01-07,1.4403,1.44448,1.43021,1.4318
2010-01-08,1.43209,1.44361,1.4271,1.44111
2010-01-11,1.44649,1.45543,1.44649,1.45113
2010-01-12,1.45089,1.45438,1.44596,1.44766
2010-01-13,1.44781,1.4577,1.44586,1.45239
2010-01-14,1.45241,1.4552,1.44626,1.44999
2010-01-15,1.44991,1.45041,1.43458,1.4391
2010-01-18,1.43724,1.44067,1.43369,1.44067
2010-01-19,1.44051,1.4414,1.4257,1.4281
2010-01-20,1.42841,1.429,1.40871,1.41103
2010-01-21,1.41111,1.41403,1.4031,1.4097
2010-01-22,1.40984,1.4182,1.40891,1.41411
2010-01-25,1.41541,1.41943,1.41311,1.41501
2010-01-26,1.41481,1.4179,1.40442,1.40823
2010-01-27,1.40809,1.40974,1.40017,1.4031
2010-01-28,1.403,1.40497,1.39499,1.3968
2010-01-29,1.39671,1.3987,1.38648,1.38669
2010-02-01,1.3876,1.39371,1.38558,1.3927
2010-02-02,1.39218,1.39762,1.38891,1.39762
2010-02-03,1.39758,1.40241,1.38862,1.39011
2010-02-04,1.39018,1.39061,1.37201,1.37449
2010-02-05,1.37448,1.37461,1.35881,1.36801
2010-02-08,1.3645,1.3714,1.36253,1.36547
2010-02-09,1.36567,1.38395,1.36509,1.37821
2010-02-10,1.37821,1.3811,1.36814,1.37533
2010-02-11,1.37501,1.37996,1.36001,1.36818
2010-02-12,1.36894,1.36894,1.35331,1.36349
2010-02-15,1.36281,1.3632,1.35831,1.3603
2010-02-16,1.35973,1.37777,1.35919,1.37671
2010-02-17,1.37654,1.37887,1.35923,1.36069
2010-02-18,1.36106,1.36532,1.34503,1.34615
2010-02-19,1.34706,1.36201,1.3457,1.36151
2010-02-22,1.3629,1.3653,1.35772,1.36056
2010-02-23,1.36062,1.36926,1.34978,1.3527
2010-02-24,1.35269,1.36219,1.35029,1.35432
2010-02-25,1.35446,1.357,1.34521,1.3536
2010-02-26,1.35375,1.36786,1.3536,1.3631
2010-03-01,1.36429,1.36539,1.34626,1.35621
2010-03-02,1.35597,1.36231,1.34452,1.36206
2010-03-03,1.36201,1.3734,1.35984,1.37016
2010-03-04,1.37013,1.3712,1.35575,1.3584
2010-03-05,1.35831,1.3629,1.35366,1.3629
2010-03-08,1.36411,1.37037,1.36104,1.36169
2010-03-09,1.36182,1.36359,1.35386,1.36069
2010-03-10,1.36093,1.36767,1.35487,1.36433
2010-03-11,1.36493,1.36879,1.36231,1.36853
2010-03-12,1.36849,1.37941,1.36735,1.37699
2010-03-15,1.37739,1.37739,1.36459,1.36775
2010-03-16,1.36737,1.37828,1.3661,1.37688
2010-03-17,1.3769,1.38165,1.3731,1.37383
2010-03-18,1.37349,1.374,1.3591,1.3614
2010-03-19,1.36123,1.36281,1.35049,1.35369
2010-03-22,1.35141,1.35691,1.34687,1.3567
2010-03-23,1.3567,1.35691,1.34649,1.3468
2010-03-24,1.347,1.34854,1.3308,1.3331
2010-03-25,1.333,1.33706,1.327,1.33071
2010-03-26,1.33071,1.34241,1.33028,1.341
2010-03-29,1.34481,1.35051,1.34214,1.34811
2010-03-30,1.34778,1.35349,1.34005,1.34241
2010-03-31,1.34241,1.35459,1.3388,1.3508
2010-04-01,1.35084,1.35912,1.34628,1.3584
2010-04-02,1.35833,1.35919,1.3478,1.35049
2010-04-05,1.34969,1.35389,1.34628,1.34891
2010-04-06,1.34891,1.34978,1.33583,1.3402
2010-04-07,1.34002,1.341,1.333,1.33485
2010-04-08,1.33421,1.3367,1.32857,1.33611
2010-04-09,1.33609,1.35009,1.3344,1.35009
2010-04-12,1.3637,1.36879,1.357,1.3596
2010-04-13,1.3596,1.36219,1.35496,1.36086
2010-04-14,1.36167,1.3678,1.36029,1.3656
2010-04-15,1.36571,1.36679,1.3525,1.3574
2010-04-16,1.3574,1.3575,1.34796,1.3504
2010-04-19,1.34891,1.34933,1.34199,1.34873
2010-04-20,1.34891,1.35219,1.343,1.34351
2010-04-21,1.34356,1.34481,1.3364,1.33899
2010-04-22,1.33885,1.34199,1.32681,1.327
2010-04-23,1.32698,1.34,1.32092,1.3384
2010-04-26,1.3364,1.3414,1.32959,1.34012
2010-04-27,1.34037,1.34133,1.3148,1.31707
2010-04-28,1.3173,1.32659,1.31191,1.32128
2010-04-29,1.3212,1.32767,1.31855,1.3263
2010-04-30,1.32659,1.33421,1.3228,1.3298
2010-05-03,1.3323,1.33269,1.316,1.31999
2010-05-04,1.31999,1.32144,1.29639,1.29639
2010-05-05,1.2968,1.29949,1.27962,1.28149
2010-05-06,1.28159,1.28546,1.25404,1.2633
2010-05-07,1.26285,1.27959,1.25922,1.27561
2010-05-10,1.2879,1.30919,1.27637,1.27792
2010-05-11,1.27792,1.2801,1.26189,1.26299
2010-05-12,1.2635,1.27384,1.26084,1.2639
2010-05-13,1.2636,1.2685,1.25183,1.25411
2010-05-14,1.2539,1.2577,1.2358,1.236
2010-05-17,1.23723,1.24106,1.2246,1.2393
2010-05-18,1.23913,1.24417,1.21678,1.21789
2010-05-19,1.21859,1.2433,1.21459,1.23934
2010-05-20,1.239,1.25979,1.22991,1.24789
2010-05-21,1.24819,1.2672,1.24771,1.25671
2010-05-24,1.2534,1.2545,1.2334,1.23499
2010-05-25,1.23519,1.2386,1.2181,1.2346
2010-05-26,1.2346,1.2358,1.21557,1.2173
2010-05-27,1.21726,1.2395,1.2166,1.2348
2010-05-28,1.23419,1.24473,1.2268,1.2274
2010-05-31,1.22772,1.23349,1.2271,1.22879
2010-06-01,1.2288,1.2339,1.2115,1.2233
2010-06-02,1.22371,1.2273,1.21812,1.2239
2010-06-03,1.22375,1.2325,1.2155,1.21694
2010-06-04,1.21709,1.22167,1.1958,1.1971
2010-06-07,1.19441,1.1989,1.1882,1.19229
2010-06-08,1.19231,1.2009,1.1905,1.1972
2010-06-09,1.1971,1.20731,1.19258,1.1992
2010-06-10,1.1992,1.21415,1.19586,1.2109
2010-06-11,1.21076,1.2152,1.20537,1.2114
2010-06-14,1.21473,1.2298,1.21473,1.22181
2010-06-15,1.22157,1.2351,1.2172,1.23191
2010-06-16,1.23191,1.2349,1.2263,1.23119
2010-06-17,1.23141,1.241,1.22469,1.23821
2010-06-18,1.23828,1.2415,1.2357,1.2393
2010-06-21,1.24089,1.24681,1.2306,1.2316
2010-06-22,1.23169,1.23475,1.22581,1.22751
2010-06-23,1.22751,1.23407,1.22108,1.23191
2010-06-24,1.23191,1.23867,1.2266,1.23375
2010-06-25,1.2335,1.2394,1.2259,1.2373
2010-06-28,1.23801,1.23989,1.2268,1.2277
2010-06-29,1.22733,1.229,1.21544,1.21864
2010-06-30,1.21874,1.23003,1.21678,1.223
2010-07-01,1.2232,1.25075,1.2199,1.25075
2010-07-02,1.25091,1.261,1.24839,1.2571
2010-07-05,1.25552,1.25579,1.25117,1.2537
2010-07-06,1.25411,1.26608,1.24838,1.2624
2010-07-07,1.2617,1.2661,1.25611,1.26331
2010-07-08,1.26341,1.27108,1.2624,1.26941
2010-07-09,1.2692,1.2721,1.2614,1.2644
2010-07-12,1.26461,1.2647,1.2554,1.259
2010-07-13,1.25902,1.27389,1.25254,1.27209
2010-07-14,1.27217,1.27756,1.2686,1.27405
2010-07-15,1.27415,1.29561,1.27125,1.29286
2010-07-16,1.29221,1.30041,1.28941,1.29319
2010-07-19,1.29026,1.29901,1.2875,1.29395
2010-07-20,1.29421,1.30268,1.28441,1.28931
2010-07-21,1.28932,1.29121,1.27359,1.2768
2010-07-22,1.27699,1.29251,1.2739,1.29031
2010-07-23,1.29016,1.29643,1.28,1.29131
2010-07-26,1.28893,1.30049,1.28869,1.2999
2010-07-27,1.2996,1.30458,1.29561,1.29909
2010-07-28,1.2996,1.304,1.29676,1.29922
2010-07-29,1.2998,1.3107,1.2982,1.30781
2010-07-30,1.30765,1.3094,1.29828,1.3039
2010-08-02,1.30601,1.3194,1.30577,1.31759
2010-08-03,1.31751,1.3261,1.31499,1.32251
2010-08-04,1.32259,1.32398,1.3137,1.32251
2010-08-05,1.3161,1.32356,1.31223,1.31581
2010-08-06,1.31799,1.333,1.316,1.31813
2010-08-09,1.3286,1.33042,1.32312,1.32857
2010-08-10,1.3231,1.3231,1.30815,1.323
2010-08-11,1.31857,1.31857,1.28717,1.3185
2010-08-12,1.28414,1.29319,1.27871,1.28441
2010-08-13,1.28286,1.29039,1.27535,1.28299
2010-08-16,1.27699,1.28698,1.27359,1.27709
2010-08-17,1.2813,1.29122,1.28054,1.2812
2010-08-18,1.2877,1.29191,1.2825,1.288
2010-08-19,1.28555,1.29001,1.278,1.28564
2010-08-20,1.2809,1.2833,1.26656,1.2808
2010-08-23,1.27108,1.27286,1.26493,1.271
2010-08-24,1.26401,1.2718,1.25919,1.2635
2010-08-25,1.26346,1.27188,1.2613,1.2633
2010-08-26,1.2661,1.27636,1.2652,1.2664
2010-08-27,1.2706,1.278,1.26826,1.27065
2010-08-30,1.2753,1.27571,1.26733,1.2754
2010-08-31,1.26621,1.27419,1.2628,1.26659
2010-09-01,1.2686,1.285,1.26678,1.26873
2010-09-02,1.28044,1.28488,1.27791,1.2803
2010-09-03,1.28261,1.28849,1.28128,1.28259
2010-09-06,1.28941,1.29164,1.2869,1.28941
2010-09-07,1.2868,1.28684,1.27041,1.28684
2010-09-08,1.26789,1.27619,1.26642,1.2678
2010-09-09,1.2732,1.27637,1.26688,1.2732
2010-09-10,1.26899,1.27444,1.2647,1.26931
2010-09-13,1.27189,1.28879,1.2717,1.2717
2010-09-14,1.28717,1.3018,1.28329,1.2872
2010-09-15,1.29911,1.30359,1.29592,1.29917
2010-09-16,1.3013,1.3113,1.29789,1.30151
2010-09-17,1.30751,1.3157,1.30259,1.3076
2010-09-20,1.30421,1.31192,1.3031,1.30439
2010-09-21,1.30675,1.31489,1.30594,1.30669
2010-09-22,1.3254,1.34371,1.32521,1.3257
2010-09-23,1.33923,1.3412,1.33133,1.3391
2010-09-24,1.33181,1.3492,1.32885,1.33191
2010-09-27,1.3482,1.35037,1.34318,1.34791
2010-09-28,1.344,1.35801,1.3384,1.34391
2010-09-29,1.357,1.36424,1.35678,1.35709
2010-09-30,1.36281,1.36771,1.35652,1.36281
2010-10-01,1.36231,1.37758,1.36208,1.36221
2010-10-04,1.37777,1.37844,1.36694,1.3777
2010-10-05,1.3675,1.38475,1.3639,1.36741
2010-10-06,1.3836,1.39282,1.38043,1.38339
2010-10-07,1.39241,1.40231,1.38997,1.392
2010-10-08,1.39229,1.39751,1.3851,1.3928
2010-10-11,1.39874,1.40062,1.3887,1.39776
2010-10-12,1.3881,1.38819,1.37802,1.38802
2010-10-13,1.39169,1.39993,1.39121,1.39169
2010-10-14,1.3969,1.41189,1.39671,1.39673
2010-10-15,1.407,1.41481,1.39931,1.4072
2010-10-18,1.3971,1.39741,1.3838,1.39643
2010-10-19,1.39379,1.3994,1.37735,1.39359
2010-10-20,1.374,1.39831,1.37045,1.37391
2010-10-21,1.39639,1.40511,1.38791,1.39632
2010-10-22,1.39167,1.3968,1.38669,1.39169
2010-10-25,1.39375,1.4077,1.39361,1.39441
2010-10-26,1.39359,1.39819,1.38397,1.39489
2010-10-27,1.38575,1.38769,1.37601,1.38543
2010-10-28,1.3777,1.39396,1.37751,1.37781
2010-10-29,1.3777,1.39412,1.3777,1.37781
2010-11-01,1.39377,1.40117,1.38662,1.39751
2010-11-02,1.39121,1.40479,1.38837,1.39109
2010-11-03,1.4031,1.40596,1.39936,1.40361
2010-11-04,1.41321,1.4282,1.41052,1.41273
2010-11-05,1.42282,1.423,1.40331,1.4228
2010-11-08,1.4076,1.40811,1.38939,1.40758
2010-11-09,1.38581,1.39719,1.38284,1.38696
2010-11-10,1.37703,1.38209,1.3675,1.3772
2010-11-11,1.3772,1.3819,1.36618,1.37756
2010-11-12,1.36166,1.3772,1.35799,1.3621
2010-11-15,1.36956,1.3747,1.35919,1.36932
2010-11-16,1.35761,1.36532,1.35421,1.35748
2010-11-17,1.34938,1.35531,1.34655,1.34905
2010-11-18,1.35477,1.36679,1.35452,1.3554
2010-11-19,1.36593,1.3731,1.36097,1.36573
2010-11-22,1.37449,1.37864,1.36101,1.37444
2010-11-23,1.36019,1.36136,1.34009,1.36019
2010-11-24,1.33878,1.34189,1.32899,1.33863
2010-11-25,1.33579,1.33751,1.3289,1.33579
2010-11-26,1.33422,1.33506,1.32045,1.33397
2010-11-29,1.32428,1.32975,1.3068,1.3238
2010-11-30,1.31015,1.31503,1.29725,1.31039
2010-12-01,1.29949,1.31346,1.29771,1.29921
2010-12-02,1.31256,1.3212,1.30651,1.31249
2010-12-03,1.3213,1.33767,1.3195,1.3216
2010-12-06,1.34171,1.34198,1.32505,1.3416
2010-12-07,1.32904,1.3398,1.32837,1.32869
2010-12-08,1.32487,1.328,1.3186,1.32447
2010-12-09,1.32454,1.3323,1.3174,1.32508
2010-12-10,1.32406,1.3282,1.31839,1.32421
2010-12-13,1.31987,1.33826,1.31839,1.31971
2010-12-14,1.33941,1.34942,1.3367,1.33955
2010-12-15,1.33601,1.33779,1.32869,1.33609
2010-12-16,1.32263,1.3261,1.31846,1.3224
2010-12-17,1.3241,1.33601,1.3143,1.32399
2010-12-20,1.31638,1.3182,1.30989,1.3165
2010-12-21,1.31192,1.31999,1.3118,1.3118
2010-12-22,1.30917,1.31799,1.30799,1.309
2010-12-23,1.3116,1.3152,1.30581,1.31154
2010-12-24,1.31237,1.31467,1.30996,1.31271
2010-12-27,1.3082,1.31699,1.30798,1.30798
2010-12-28,1.3189,1.32744,1.3142,1.31897
2010-12-29,1.30869,1.31563,1.30863,1.30863
2010-12-30,1.3221,1.3311,1.3221,1.32245
2010-12-31,1.33011,1.34237,1.32899,1.33012
2011-01-03,1.33559,1.33651,1.32529,1.33579
2011-01-04,1.33601,1.34309,1.33182,1.33568
2011-01-05,1.33239,1.33239,1.3129,1.33211
2011-01-06,1.3161,1.31704,1.30337,1.31569
2011-01-07,1.2989,1.30213,1.2939,1.29799
2011-01-10,1.28981,1.29483,1.28771,1.28951
2011-01-11,1.29591,1.2986,1.29101,1.2965
2011-01-12,1.2986,1.30632,1.29666,1.2984
2011-01-13,1.3128,1.33529,1.30919,1.31284
2011-01-14,1.33511,1.3449,1.3326,1.33533
2011-01-17,1.33761,1.33803,1.32529,1.33803
2011-01-18,1.32837,1.34611,1.32559,1.32839
2011-01-19,1.33817,1.35367,1.33781,1.33781
2011-01-20,1.34532,1.35181,1.3403,1.34521
2011-01-21,1.34657,1.3589,1.3451,1.3468
2011-01-24,1.36219,1.36801,1.3547,1.36195
2011-01-25,1.36441,1.3684,1.35759,1.36441
2011-01-26,1.36879,1.37176,1.36502,1.36861
2011-01-27,1.3708,1.37563,1.36429,1.37101
2011-01-28,1.3725,1.3747,1.3616,1.37231
2011-01-31,1.35761,1.3738,1.35728,1.35728
2011-02-01,1.3715,1.37933,1.37048,1.37138
2011-02-02,1.38278,1.386,1.37815,1.38299
2011-02-03,1.38158,1.38246,1.3619,1.38179
2011-02-04,1.3629,1.36476,1.35459,1.36245
2011-02-07,1.35752,1.36264,1.351,1.3575
2011-02-08,1.35942,1.36747,1.3574,1.35919
2011-02-09,1.36232,1.37189,1.36121,1.36269
2011-02-10,1.37189,1.37282,1.35814,1.3721
2011-02-11,1.36054,1.36216,1.35099,1.36019
2011-02-14,1.35152,1.3559,1.34317,1.351
2011-02-15,1.34831,1.3547,1.3462,1.34811
2011-02-16,1.3496,1.3568,1.34655,1.34986
2011-02-17,1.35766,1.36106,1.35389,1.35753
2011-02-18,1.36221,1.36452,1.35479,1.3626
2011-02-21,1.37137,1.37137,1.365,1.37135
2011-02-22,1.36812,1.37005,1.3528,1.36823
2011-02-23,1.36741,1.3784,1.36737,1.36737
2011-02-24,1.37578,1.38169,1.3708,1.37641
2011-02-25,1.38221,1.3838,1.37248,1.382
2011-02-28,1.37361,1.38533,1.37131,1.37344
2011-03-01,1.38274,1.38529,1.37883,1.38215
2011-03-02,1.37696,1.389,1.37446,1.37718
2011-03-03,1.38675,1.39751,1.38345,1.38665
2011-03-04,1.39591,1.4007,1.3947,1.39589
2011-03-07,1.39888,1.40361,1.39589,1.39907
2011-03-08,1.39649,1.39899,1.38681,1.39639
2011-03-09,1.38945,1.39408,1.38591,1.3898
2011-03-10,1.39047,1.39251,1.3795,1.39022
2011-03-11,1.3803,1.38424,1.37542,1.38013
2011-03-14,1.39348,1.39794,1.39067,1.39346
2011-03-15,1.39903,1.40001,1.38581,1.39921
2011-03-16,1.39856,1.40007,1.3915,1.39862
2011-03-17,1.38841,1.40469,1.38841,1.38848
2011-03-18,1.40351,1.41455,1.39833,1.40329
2011-03-21,1.41679,1.42019,1.41459,1.41705
2011-03-22,1.42185,1.42481,1.41808,1.42171
2011-03-23,1.41725,1.4214,1.41109,1.41681
2011-03-24,1.41086,1.42102,1.4056,1.4106
2011-03-25,1.41697,1.41937,1.41137,1.41719
2011-03-28,1.4025,1.41143,1.40241,1.4026
2011-03-29,1.40772,1.41501,1.40511,1.40797
2011-03-30,1.41129,1.41291,1.4054,1.41111
2011-03-31,1.41219,1.42331,1.41189,1.41213
2011-04-01,1.41601,1.4215,1.40647,1.41587
2011-04-04,1.42239,1.42686,1.41949,1.42233
2011-04-05,1.42193,1.42328,1.41561,1.42201
2011-04-06,1.42201,1.4347,1.42191,1.42191
2011-04-07,1.43361,1.43361,1.42481,1.43353
2011-04-08,1.4301,1.44431,1.42931,1.43021
2011-04-11,1.44609,1.44833,1.44217,1.44622
2011-04-12,1.44344,1.45169,1.43804,1.44379
2011-04-13,1.44749,1.45193,1.44578,1.44764
2011-04-14,1.44461,1.45151,1.43684,1.44421
2011-04-15,1.4486,1.45049,1.43943,1.44321
2011-04-18,1.44169,1.442,1.41659,1.4413
2011-04-19,1.42227,1.43281,1.42076,1.42239
2011-04-20,1.4339,1.45395,1.43361,1.43379
2011-04-21,1.4514,1.46479,1.45087,1.4514
2011-04-22,1.45531,1.4589,1.4537,1.4555
2011-04-25,1.45552,1.46257,1.45304,1.45571
2011-04-26,1.45779,1.4649,1.44997,1.4579
2011-04-27,1.46899,1.471,1.46381,1.4688
2011-04-28,1.478,1.48821,1.47785,1.478
2011-04-29,1.4843,1.4879,1.48049,1.48441
2011-05-02,1.48056,1.49025,1.47713,1.4794
2011-05-03,1.48249,1.48874,1.4758,1.48238
2011-05-04,1.4835,1.49381,1.47789,1.48333
2011-05-05,1.4824,1.48974,1.45813,1.48298
2011-05-06,1.45402,1.4587,1.4467,1.45444
2011-05-09,1.4346,1.44404,1.4258,1.4353
2011-05-10,1.43755,1.43941,1.42749,1.43761
2011-05-11,1.44111,1.44223,1.42657,1.44111
2011-05-12,1.42128,1.42558,1.41261,1.4211
2011-05-13,1.42361,1.434,1.41421,1.42379
2011-05-16,1.40756,1.4246,1.40509,1.4078
2011-05-17,1.41581,1.42229,1.41255,1.41581
2011-05-18,1.4269,1.42865,1.41963,1.4269
2011-05-19,1.42562,1.43059,1.4211,1.42552
2011-05-20,1.4318,1.43439,1.41451,1.43162
2011-05-23,1.41088,1.41347,1.3976,1.41058
2011-05-24,1.40371,1.41331,1.40042,1.40367
2011-05-25,1.40992,1.41167,1.4018,1.4099
2011-05-26,1.40823,1.42049,1.40702,1.40849
2011-05-27,1.41311,1.43031,1.41283,1.41351
2011-05-30,1.42949,1.43055,1.42598,1.42974
2011-05-31,1.43242,1.44229,1.43223,1.43223
2011-06-01,1.44275,1.44578,1.43881,1.44279
2011-06-02,1.4346,1.44839,1.43299,1.43449
2011-06-03,1.44871,1.46049,1.44599,1.4486
2011-06-06,1.46561,1.46572,1.45953,1.4655
2011-06-07,1.45815,1.46918,1.45671,1.4583
2011-06-08,1.4688,1.46901,1.45724,1.4686
2011-06-09,1.4599,1.46456,1.4482,1.4602
2011-06-10,1.45123,1.4548,1.43571,1.45157
2011-06-13,1.43336,1.44034,1.4326,1.43326
2011-06-14,1.44175,1.4486,1.4381,1.44169
2011-06-15,1.4449,1.445,1.42096,1.445
2011-06-16,1.41864,1.42003,1.4078,1.4182
2011-06-17,1.41999,1.43384,1.41295,1.41991
2011-06-20,1.42941,1.4325,1.41943,1.42851
2011-06-21,1.43248,1.4404,1.43102,1.43254
2011-06-22,1.43802,1.44379,1.43491,1.43817
2011-06-23,1.4318,1.4334,1.41313,1.43143
2011-06-24,1.42731,1.43059,1.41611,1.427
2011-06-27,1.4176,1.42941,1.4108,1.41713
2011-06-28,1.4317,1.43959,1.42442,1.43168
2011-06-29,1.43581,1.44479,1.4334,1.43579
2011-06-30,1.4481,1.45271,1.4449,1.44789
2011-07-01,1.44959,1.45461,1.44461,1.4497
2011-07-04,1.45461,1.4577,1.4498,1.454
2011-07-05,1.45531,1.45531,1.44456,1.45531
2011-07-06,1.4424,1.44665,1.429,1.44281
2011-07-07,1.4332,1.4374,1.42233,1.43316
2011-07-08,1.43662,1.43688,1.4214,1.43645
2011-07-11,1.42049,1.42258,1.39889,1.42019
2011-07-12,1.40414,1.40469,1.3842,1.40406
2011-07-13,1.3969,1.4192,1.39673,1.3969
2011-07-14,1.42292,1.42741,1.41509,1.42343
2011-07-15,1.41581,1.41961,1.40964,1.41573
2011-07-18,1.41193,1.41321,1.4018,1.41231
2011-07-19,1.41109,1.42146,1.4073,1.41119
2011-07-20,1.41739,1.42379,1.41349,1.41729
2011-07-21,1.4269,1.43978,1.41451,1.427
2011-07-22,1.44179,1.44352,1.43271,1.442
2011-07-25,1.43817,1.44071,1.43287,1.43885
2011-07-26,1.43678,1.4521,1.43606,1.43715
2011-07-27,1.45041,1.45351,1.43631,1.45081
2011-07-28,1.43755,1.44003,1.4258,1.4373
2011-07-29,1.4334,1.44063,1.42385,1.4332
2011-08-01,1.43653,1.44513,1.41882,1.43637
2011-08-02,1.42712,1.42835,1.41529,1.42621
2011-08-03,1.4176,1.43439,1.41449,1.41733
2011-08-04,1.43453,1.43641,1.41151,1.4353
2011-08-05,1.40665,1.42254,1.4058,1.40671
2011-08-08,1.43006,1.43995,1.41333,1.42941
2011-08-09,1.41772,1.42857,1.41571,1.41707
2011-08-10,1.438,1.44005,1.41633,1.43831
2011-08-11,1.41287,1.42859,1.41066,1.41247
2011-08-12,1.42219,1.4288,1.41509,1.42264
2011-08-15,1.42729,1.44749,1.42674,1.42741
2011-08-16,1.44383,1.44448,1.43579,1.44383
2011-08-17,1.4402,1.45138,1.4339,1.4398
2011-08-18,1.44294,1.44511,1.4279,1.44292
2011-08-19,1.43207,1.44517,1.42659,1.43244
2011-08-22,1.43695,1.4434,1.43501,1.43693
2011-08-23,1.4361,1.4498,1.43559,1.4361
2011-08-24,1.44371,1.44808,1.43895,1.44371
2011-08-25,1.44111,1.4473,1.43336,1.44123
2011-08-26,1.4374,1.44749,1.43322,1.4373
2011-08-29,1.44967,1.45469,1.4467,1.44951
2011-08-30,1.4526,1.45323,1.43887,1.45243
2011-08-31,1.44346,1.4468,1.4398,1.44331
2011-09-01,1.4375,1.43779,1.42296,1.43746
2011-09-02,1.42621,1.4288,1.41931,1.42621
2011-09-05,1.41557,1.41719,1.40659,1.41577
2011-09-06,1.40691,1.42369,1.39753,1.40631
2011-09-07,1.40038,1.41307,1.40021,1.40032
2011-09-08,1.40839,1.40901,1.39435,1.40857
2011-09-09,1.3904,1.39381,1.36491,1.39041
2011-09-12,1.3596,1.3687,1.3515,1.36008
2011-09-13,1.3658,1.3721,1.35591,1.36603
2011-09-14,1.3681,1.37485,1.35931,1.36861
2011-09-15,1.37484,1.39276,1.37041,1.37461
2011-09-16,1.38673,1.3881,1.37589,1.3869
2011-09-19,1.37035,1.37069,1.35914,1.37014
2011-09-20,1.36041,1.37266,1.35995,1.36056
2011-09-21,1.36909,1.3731,1.36375,1.36939
2011-09-22,1.35847,1.3586,1.33921,1.3586
2011-09-23,1.34791,1.35659,1.3421,1.34809
2011-09-26,1.3545,1.3547,1.3367,1.3547
2011-09-27,1.35201,1.3655,1.34807,1.35181
2011-09-28,1.35849,1.3684,1.35459,1.35823
2011-09-29,1.35455,1.36771,1.3521,1.35377
2011-09-30,1.3582,1.3599,1.34153,1.35858
2011-10-03,1.33609,1.33808,1.3245,1.33609
2011-10-04,1.31942,1.32989,1.31494,1.3195
2011-10-05,1.33275,1.33724,1.32661,1.33301
2011-10-06,1.33404,1.34329,1.32429,1.33399
2011-10-07,1.3427,1.35217,1.34039,1.34289
2011-10-10,1.3386,1.369,1.3381,1.3386
2011-10-11,1.36331,1.36741,1.357,1.36355
2011-10-12,1.36441,1.3816,1.35864,1.36457
2011-10-13,1.37887,1.3823,1.36861,1.3792
2011-10-14,1.37431,1.38929,1.37248,1.37355
2011-10-17,1.38825,1.3913,1.3741,1.38791
2011-10-18,1.37434,1.37868,1.36545,1.3744
2011-10-19,1.3734,1.38669,1.37265,1.374
2011-10-20,1.37641,1.38401,1.36593,1.3765
2011-10-21,1.378,1.3898,1.37101,1.3779
2011-10-24,1.38479,1.3954,1.3823,1.38477
2011-10-25,1.39241,1.39563,1.385,1.39223
2011-10-26,1.3904,1.39669,1.38049,1.39045
2011-10-27,1.38721,1.4183,1.38681,1.38769
2011-10-28,1.41749,1.42009,1.41393,1.41739
2011-10-31,1.41421,1.41695,1.39359,1.41401
2011-11-01,1.38646,1.38698,1.36119,1.386
2011-11-02,1.3658,1.38259,1.3656,1.3656
2011-11-03,1.36932,1.38253,1.36578,1.369
2011-11-04,1.38228,1.3865,1.37176,1.38299
2011-11-07,1.37952,1.3812,1.36836,1.37893
2011-11-08,1.37601,1.38426,1.37319,1.37601
2011-11-09,1.38271,1.38569,1.3556,1.38265
2011-11-10,1.35274,1.36496,1.3486,1.35267
2011-11-11,1.36119,1.37419,1.3582,1.36101
2011-11-14,1.3788,1.3788,1.3621,1.3787
2011-11-15,1.36269,1.36411,1.35128,1.36242
2011-11-16,1.35088,1.35533,1.34308,1.35071
2011-11-17,1.3443,1.35349,1.34253,1.3441
2011-11-18,1.3455,1.3613,1.34485,1.3458
2011-11-21,1.3536,1.354,1.34329,1.353
2011-11-22,1.34864,1.35687,1.34713,1.34844
2011-11-23,1.35144,1.35311,1.33526,1.35219
2011-11-24,1.3347,1.3412,1.33202,1.3352
2011-11-25,1.3328,1.3334,1.32184,1.3331
2011-11-28,1.33103,1.33969,1.32783,1.33135
2011-11-29,1.33076,1.34374,1.3289,1.3317
2011-11-30,1.33239,1.35239,1.32644,1.33241
2011-12-01,1.34423,1.3521,1.34199,1.34439
2011-12-02,1.34675,1.3538,1.34198,1.34669
2011-12-05,1.34174,1.3484,1.34014,1.3419
2011-12-06,1.33847,1.3425,1.33403,1.33867
2011-12-07,1.3412,1.34526,1.33536,1.3412
2011-12-08,1.34011,1.3457,1.3311,1.34037
2011-12-09,1.33454,1.343,1.3286,1.33454
2011-12-12,1.3371,1.33779,1.32111,1.33717
2011-12-13,1.31657,1.32317,1.31,1.31711
2011-12-14,1.3028,1.30591,1.2954,1.30191
2011-12-15,1.29874,1.3049,1.29629,1.2988
2011-12-16,1.303,1.3084,1.30069,1.30297
2011-12-19,1.30359,1.3041,1.2985,1.3037
2011-12-20,1.3008,1.3132,1.2997,1.30078
2011-12-21,1.3088,1.31942,1.30285,1.3088
2011-12-22,1.3038,1.31191,1.30235,1.304
2011-12-23,1.3057,1.3094,1.30331,1.3056
2011-12-26,1.30439,1.3084,1.30439,1.3045
2011-12-27,1.30501,1.30859,1.3045,1.30506
2011-12-28,1.3071,1.30796,1.29473,1.30721
2011-12-29,1.29257,1.2944,1.28612,1.29272
2011-12-30,1.29522,1.2996,1.29061,1.29561
2012-01-02,1.29601,1.29639,1.29226,1.29601
2012-01-03,1.29363,1.30659,1.29363,1.2941
2012-01-04,1.3054,1.30739,1.29021,1.3056
2012-01-05,1.29309,1.2943,1.27853,1.29314
2012-01-06,1.2793,1.2813,1.27041,1.27961
2012-01-09,1.26796,1.27849,1.26796,1.26804
2012-01-10,1.2776,1.28171,1.27455,1.2776
2012-01-11,1.27543,1.27884,1.2674,1.27518
2012-01-12,1.27239,1.28291,1.2701,1.27239
2012-01-13,1.28254,1.2875,1.26518,1.28205
2012-01-16,1.26485,1.2683,1.26287,1.2647
2012-01-17,1.26674,1.28036,1.26667,1.2667
2012-01-18,1.27483,1.28441,1.27372,1.2746
2012-01-19,1.28631,1.29211,1.28451,1.2866
2012-01-20,1.29616,1.29845,1.28878,1.2965
2012-01-23,1.28904,1.30451,1.28838,1.28848
2012-01-24,1.30251,1.30564,1.29582,1.30269
2012-01-25,1.30359,1.30501,1.29338,1.3041
2012-01-26,1.31074,1.31799,1.30948,1.31074
2012-01-27,1.30892,1.316,0.76057196,1.30928
2012-01-30,1.32065,1.32085,1.30839,1.32079
2012-01-31,1.31389,1.32135,1.30869,1.31396
2012-02-01,1.31389,1.32135,1.3047,1.3077
2012-02-02,1.31718,1.31961,1.30929,1.317
2012-02-03,1.31354,1.31874,1.30786,1.31372
2012-02-06,1.31251,1.31285,1.30344,1.31271
2012-02-07,1.31182,1.32433,1.3094,1.31216
2012-02-08,1.32485,1.32873,1.3238,1.32485
2012-02-09,1.32503,1.3319,1.3231,1.32485
2012-02-10,1.32784,1.3289,1.31648,1.32784
2012-02-13,1.32293,1.3282,1.32111,1.32368
2012-02-14,1.31544,1.32135,1.3132,1.31579
2012-02-15,1.31297,1.31891,1.3065,1.31337
2012-02-16,1.30582,1.30582,1.29799,1.30581
2012-02-17,1.31303,1.3199,1.31168,1.31268
2012-02-20,1.32245,1.32767,1.31839,1.32272
2012-02-21,1.32048,1.3292,1.31891,1.32048
2012-02-22,1.32485,1.32638,1.32135,1.32433
2012-02-23,1.32573,1.334,1.32345,1.32557
2012-02-24,1.33743,1.34771,1.33588,1.33736
2012-02-27,1.34698,1.34698,1.33702,1.34671
2012-02-28,1.34102,1.34629,1.33958,1.34066
2012-02-29,1.34789,1.34862,1.33551,1.3478
2012-03-01,1.33262,1.3357,1.32855,1.33209
2012-03-02,1.33189,1.33316,1.31917,1.33227
2012-03-05,1.31857,1.3238,1.31623,1.31862
2012-03-06,1.3223,1.32275,1.31146,1.32258
2012-03-07,1.31201,1.31614,1.30998,1.31234
2012-03-08,1.31406,1.32723,1.3137,1.31399
2012-03-09,1.32723,1.32749,1.31076,1.32749
2012-03-12,1.31216,1.31466,1.30822,1.31251
2012-03-13,1.31718,1.31891,1.30533,1.31683
2012-03-14,1.30804,1.3089,1.30159,1.30804
2012-03-15,1.30224,1.30829,1.30049,1.30225
2012-03-16,1.30787,1.31843,1.30506,1.30787
2012-03-19,1.3177,1.32648,1.31441,1.31771
2012-03-20,1.32293,1.32494,1.31752,1.32293
2012-03-21,1.32398,1.32855,1.31827,1.32377
2012-03-22,1.32181,1.32556,1.3141,1.32188
2012-03-23,1.32048,1.32857,1.31924,1.32048
2012-03-26,1.32837,1.3337,1.31996,1.3283
2012-03-27,1.33601,1.33834,1.33218,1.33601
2012-03-28,1.3328,1.33726,1.32802,1.33287
2012-03-29,1.33262,1.33436,1.32573,1.33262
2012-03-30,1.33138,1.3369,1.33124,1.33138
2012-04-02,1.33583,1.3379,1.32805,1.33583
2012-04-03,1.33316,1.33669,1.33032,1.33333
2012-04-04,1.32238,1.32345,1.31083,1.32252
2012-04-05,1.31441,1.3166,1.30373,1.31441
2012-04-06,1.3064,1.3113,1.30548,1.30651
2012-04-09,1.30851,1.30851,1.3038,1.30791
2012-04-10,1.31113,1.31441,1.30563,1.31113
2012-04-11,1.30753,1.31536,1.30668,1.30736
2012-04-12,1.31191,1.3187,1.31039,1.31199
2012-04-13,1.31891,1.31996,1.30709,1.31891
2012-04-16,1.30565,1.30852,1.29969,1.30565
2012-04-17,1.31268,1.31648,1.30911,1.31268
2012-04-18,1.31354,1.31423,1.30601,1.31354
2012-04-19,1.31199,1.3157,1.30716,1.31199
2012-04-20,1.31441,1.32247,1.3132,1.31458
2012-04-23,1.3209,1.321,1.31079,1.32048
2012-04-24,1.31527,1.32149,1.3147,1.3152
2012-04-25,1.31961,1.32362,1.3183,1.31978
2012-04-26,1.32328,1.32595,1.32025,1.32328
2012-04-27,1.31926,1.32688,1.316,1.31909
2012-04-30,1.32415,1.32647,1.321,1.32415
2012-05-01,1.32399,1.32809,1.3206,1.32398
2012-05-02,1.32398,1.32417,1.31303,1.32398
2012-05-03,1.31492,1.31802,1.30995,1.31475
2012-05-04,1.31562,1.31759,1.30861,1.31562
2012-05-07,1.29629,1.30582,1.29629,1.29703
2012-05-08,1.30617,1.30617,1.29838,1.30617
2012-05-09,1.29929,1.30039,1.29132,1.29955
2012-05-10,1.29366,1.29785,1.29257,1.29366
2012-05-11,1.29339,1.29547,1.29091,1.29349
2012-05-14,1.29016,1.29049,1.28282,1.28999
2012-05-15,1.2832,1.28698,1.27565,1.2832
2012-05-16,1.27356,1.27583,1.2683,1.27356
2012-05-17,1.27338,1.27502,1.26695,1.27307
2012-05-18,1.26984,1.27398,1.26456,1.26984
2012-05-21,1.2773,1.28123,1.27307,1.2773
2012-05-22,1.28139,1.28139,1.27405,1.28107
2012-05-23,1.26646,1.26839,1.25701,1.26646
2012-05-24,1.25612,1.26098,1.25192,1.25612
2012-05-25,1.25376,1.25979,1.25068,1.2536
2012-05-28,1.25669,1.26187,1.25266,1.25691
2012-05-29,1.25251,1.25739,1.2475,1.25251
2012-05-30,1.24782,1.2486,1.23916,1.24782
2012-05-31,1.23747,1.24292,1.23423,1.23747
2012-06-01,1.23609,1.24467,1.2297,1.23625
2012-06-04,1.23994,1.2507,1.23885,1.24023
2012-06-05,1.25109,1.25401,1.24123,1.25094
2012-06-06,1.24626,1.25281,1.2445,1.24626
2012-06-07,1.25756,1.26215,1.25455,1.25739
2012-06-08,1.2569,1.25723,1.2444,1.25707
2012-06-11,1.26454,1.2648,1.24877,1.26454
2012-06-12,1.24782,1.25277,1.24504,1.24782
2012-06-13,1.25047,1.2606,1.24766,1.25047
2012-06-14,1.25756,1.26167,1.25436,1.25739
2012-06-15,1.26279,1.26486,1.25949,1.26279
2012-06-18,1.27049,1.27243,1.25635,1.27049
2012-06-19,1.25965,1.27,1.25723,1.25976
2012-06-20,1.26807,1.27243,1.26634,1.26807
2012-06-21,1.26823,1.2701,1.25707,1.26807
2012-06-22,1.25502,1.25813,1.25269,1.25518
2012-06-25,1.25392,1.25455,1.24751,1.25376
2012-06-26,1.2503,1.25266,1.2451,1.25047
2012-06-27,1.24875,1.25078,1.24486,1.24875
2012-06-28,1.24719,1.25235,1.24085,1.24735
2012-06-29,1.24409,1.26916,1.24363,1.24409
2012-07-02,1.26566,1.26662,1.25723,1.26552
2012-07-03,1.25797,1.26247,1.25644,1.25818
2012-07-04,1.26056,1.26072,1.25109,1.26056
2012-07-05,1.25188,1.25376,1.23657,1.25163
2012-07-06,1.23916,1.24013,1.2284,1.23916
2012-07-09,1.22714,1.23154,1.22714,1.22714
2012-07-10,1.2318,1.2332,1.22369,1.23183
2012-07-11,1.22564,1.2296,1.22333,1.22564
2012-07-12,1.22474,1.22474,1.21733,1.22472
2012-07-13,1.21907,1.22514,1.21631,1.21927
2012-07-16,1.22489,1.2274,1.21773,1.22489
2012-07-17,1.22684,1.23122,1.21921,1.22684
2012-07-18,1.22956,1.23062,1.222,1.22956
2012-07-19,1.22775,1.23216,1.2232,1.22775
2012-07-20,1.22775,1.2279,1.2148,1.22769
2012-07-23,1.21286,1.21344,1.20729,1.21271
2012-07-24,1.21243,1.2138,1.20599,1.21242
2012-07-25,1.20619,1.2167,1.20555,1.20619
2012-07-26,1.21403,1.23235,1.21212,1.21403
2012-07-27,1.22805,1.2377,1.22459,1.22805
2012-07-30,1.23031,1.23062,1.2232,1.23047
2012-07-31,1.22609,1.23249,1.22534,1.22594
2012-08-01,1.22941,1.2335,1.22818,1.22941
2012-08-02,1.22414,1.23784,1.2138,1.22414
2012-08-03,1.21803,1.23916,1.21699,1.21803
2012-08-06,1.24285,1.24285,1.23442,1.24285
2012-08-07,1.239,1.24409,1.23774,1.239
2012-08-08,1.2387,1.24008,1.23311,1.2387
2012-08-09,1.23724,1.2387,1.22699,1.23733
2012-08-10,1.22941,1.2316,1.22474,1.22941
2012-08-13,1.2276,1.23716,1.22639,1.22772
2012-08-14,1.23274,1.23854,1.2318,1.23274
2012-08-15,1.23259,1.23442,1.22677,1.23259
2012-08-16,1.22895,1.2371,1.22588,1.22895
2012-08-17,1.23579,1.23834,1.22933,1.23579
2012-08-20,1.23335,1.23684,1.2297,1.23326
2012-08-21,1.23518,1.24875,1.2348,1.23533
2012-08-22,1.24766,1.24836,1.2435,1.24766
2012-08-23,1.25345,1.2589,1.25276,1.25345
2012-08-24,1.25612,1.25675,1.24892,1.25612
2012-08-27,1.25045,1.25362,1.24916,1.25044
2012-08-28,1.25016,1.25723,1.24684,1.25016
2012-08-29,1.25723,1.25723,1.25221,1.25723
2012-08-30,1.25313,1.2564,1.24953,1.25313
2012-08-31,1.25109,1.2629,1.24969,1.25109
2012-09-03,1.2577,1.2603,1.25612,1.2577
2012-09-04,1.25865,1.26263,1.25597,1.25865
2012-09-05,1.25376,1.26215,1.25047,1.25345
2012-09-06,1.26024,1.26422,1.25644,1.26024
2012-09-07,1.26326,1.2802,1.26279,1.26326
2012-09-10,1.27959,1.28041,1.2773,1.27959
2012-09-11,1.27616,1.287,1.27603,1.27616
2012-09-12,1.28518,1.29366,1.2846,1.28518
2012-09-13,1.29032,1.29316,1.28871,1.29032
2012-09-14,1.29938,1.31681,1.29853,1.29938
2012-09-17,1.31165,1.31662,1.30879,1.31165
2012-09-18,1.31096,1.31141,1.30431,1.31101
2012-09-19,1.30463,1.30856,1.29971,1.30463
2012-09-20,1.30582,1.30599,1.29231,1.30582
2012-09-21,1.29735,1.3045,1.29618,1.29735
2012-09-24,1.2969,1.29803,1.28949,1.29685
2012-09-25,1.29416,1.29705,1.28881,1.29416
2012-09-26,1.28999,1.29132,1.28409,1.29001
2012-09-27,1.28816,1.29016,1.28366,1.28816
2012-09-28,1.29132,1.29584,1.28421,1.29132
2012-10-01,1.28067,1.29349,1.28067,1.2809
2012-10-02,1.28883,1.29592,1.28849,1.28883
2012-10-03,1.29149,1.29383,1.28816,1.29166
2012-10-04,1.29249,1.30098,1.29132,1.29232
2012-10-05,1.30157,1.30719,1.29971,1.30174
2012-10-08,1.30157,1.30157,1.29405,1.30157
2012-10-09,1.29769,1.2993,1.28684,1.29769
2012-10-10,1.28584,1.29121,1.28398,1.28584
2012-10-11,1.28601,1.29517,1.28304,1.28584
2012-10-12,1.29333,1.29904,1.29249,1.29333
2012-10-15,1.29416,1.29803,1.28982,1.29433
2012-10-16,1.29685,1.3062,1.29534,1.29685
2012-10-17,1.31079,1.31378,1.30873,1.31079
2012-10-18,1.31165,1.3129,1.30826,1.31165
2012-10-19,1.30702,1.3079,1.30161,1.30692
2012-10-22,1.30225,1.30804,1.30225,1.30225
2012-10-23,1.30702,1.30719,1.29535,1.30702
2012-10-24,1.29735,1.2999,1.29237,1.29735
2012-10-25,1.29651,1.3022,1.29441,1.29651
2012-10-26,1.29383,1.29567,1.28917,1.29383
2012-10-29,1.29232,1.29369,1.28899,1.29241
2012-10-30,1.29082,1.29836,1.28878,1.29082
2012-10-31,1.29624,1.30191,1.29473,1.29626
2012-11-01,1.29651,1.2983,1.29282,1.29651
2012-11-02,1.29483,1.2954,1.28378,1.29483
2012-11-05,1.28254,1.2843,1.27699,1.28279
2012-11-06,1.28025,1.2819,1.2768,1.28025
2012-11-07,1.2809,1.28762,1.27387,1.2808
2012-11-08,1.27556,1.2776,1.2724,1.276
2012-11-09,1.27437,1.27894,1.26934,1.27453
2012-11-12,1.27243,1.27405,1.27015,1.27239
2012-11-13,1.27097,1.2722,1.26666,1.27097
2012-11-14,1.27113,1.2758,1.27065,1.27097
2012-11-15,1.27294,1.28025,1.27201,1.27324
2012-11-16,1.27828,1.27845,1.26937,1.27845
2012-11-19,1.276,1.28185,1.27475,1.27595
2012-11-20,1.27668,1.2824,1.27668,1.27694
2012-11-21,1.28139,1.28299,1.27425,1.28144
2012-11-22,1.2865,1.2899,1.28371,1.2865
2012-11-23,1.2875,1.29685,1.28692,1.28751
2012-11-26,1.29732,1.29803,1.29467,1.2966
2012-11-27,1.29904,1.30056,1.29211,1.2987
2012-11-28,1.29383,1.294,1.28826,1.29383
2012-11-29,1.29534,1.3011,1.294,1.29534
2012-11-30,1.29735,1.30286,1.29702,1.29735
2012-12-03,1.29971,1.3076,1.29951,1.29968
2012-12-05,1.30993,1.31251,1.30635,1.30993
2012-12-06,1.30702,1.30848,1.29794,1.30702
2012-12-07,1.29634,1.2974,1.28824,1.29634
2012-12-10,1.29066,1.29426,1.28883,1.29061
2012-12-11,1.29383,1.3008,1.29299,1.29383
2012-12-12,1.30124,1.3052,1.2997,1.30132
2012-12-13,1.30668,1.3101,1.30452,1.30668
2012-12-14,1.30787,1.312,1.30685,1.30787
2012-12-17,1.31666,1.31797,1.31475,1.31659
2012-12-18,1.31648,1.32139,1.31574,1.31648
2012-12-19,1.3231,1.33069,1.32252,1.3231
2012-12-20,1.32135,1.32943,1.3206,1.32153
2012-12-21,1.3238,1.3238,1.3169,1.32377
2012-12-24,1.31822,1.32345,1.31721,1.3182
2012-12-25,1.31839,1.32031,1.3174,1.31804
2012-12-26,1.31822,1.32521,1.31752,1.31804
2012-12-27,1.32275,1.32855,1.32149,1.32258
2012-12-28,1.32485,1.32573,1.31664,1.32503
2012-12-31,1.32275,1.32345,1.3177,1.32277
2013-01-01,1.32013,1.3224,1.31959,1.32013
2013-01-02,1.31978,1.3298,1.31944,1.31978
2013-01-03,1.31839,1.31891,1.3089,1.31822
2013-01-04,1.3031,1.30638,1.30005,1.30327
2013-01-07,1.30685,1.30993,1.30206,1.30675
2013-01-08,1.31234,1.31382,1.30676,1.31251
2013-01-09,1.30839,1.3095,1.3039,1.30823
2013-01-10,1.30536,1.3216,1.3041,1.30548
2013-01-11,1.32732,1.33621,1.32521,1.32732
2013-01-14,1.33601,1.3403,1.33384,1.3362
2013-01-15,1.33779,1.33941,1.33108,1.33779
2013-01-16,1.33103,1.3327,1.32608,1.33085
2013-01-17,1.32908,1.33761,1.3271,1.32908
2013-01-18,1.33726,1.33976,1.32973,1.33726
2013-01-21,1.33191,1.33316,1.33013,1.332
2013-01-22,1.33103,1.3373,1.32718,1.33115
2013-01-23,1.33156,1.3358,1.3274,1.3314
2013-01-24,1.33085,1.33779,1.32887,1.33085
2013-01-25,1.3369,1.34791,1.33533,1.33693
2013-01-28,1.34662,1.34755,1.34276,1.3466
2013-01-29,1.34481,1.34918,1.34174,1.34463
2013-01-30,1.34916,1.3577,1.34836,1.34916
2013-01-31,1.35685,1.359,1.3544,1.35683
2013-02-01,1.3611,1.3693,1.35889,1.3611
2013-02-04,1.36472,1.36487,1.35483,1.36487
2013-02-05,1.35108,1.35691,1.34644,1.35117
2013-02-06,1.35833,1.35962,1.35024,1.35814
2013-02-07,1.35227,1.35756,1.33737,1.35239
2013-02-08,1.33854,1.3428,1.33654,1.33894
2013-02-11,1.33672,1.34111,1.33601,1.33683
2013-02-12,1.3403,1.34735,1.33683,1.34036
2013-02-13,1.34517,1.35181,1.34312,1.34521
2013-02-14,1.34445,1.34553,1.33203,1.34445
2013-02-15,1.33529,1.339,1.33094,1.33529
2013-02-18,1.33422,1.33743,1.33255,1.3344
2013-02-19,1.33494,1.3372,1.33316,1.33472
2013-02-20,1.33958,1.3434,1.33651,1.33958
2013-02-21,1.32732,1.3289,1.31717,1.32732
2013-02-22,1.31944,1.32433,1.3149,1.31944
2013-02-25,1.31944,1.3312,1.31829,1.31959
2013-02-26,1.30651,1.3116,1.302,1.30651
2013-02-27,1.30693,1.31261,1.30429,1.30659
2013-02-28,1.3151,1.316,1.30599,1.3151
2013-03-01,1.30617,1.31,1.29705,1.30599
2013-03-04,1.30174,1.30293,1.29836,1.30169
2013-03-05,1.30359,1.30736,1.30141,1.30361
2013-03-06,1.3048,1.30704,1.299,1.30485
2013-03-07,1.29786,1.31132,1.29767,1.29786
2013-03-08,1.31113,1.31343,1.296,1.31113
2013-03-11,1.29887,1.30242,1.29853,1.2988
2013-03-12,1.30324,1.3073,1.29938,1.30327
2013-03-13,1.30293,1.30651,1.29251,1.30293
2013-03-14,1.29584,1.29801,1.29128,1.29584
2013-03-15,1.30124,1.31041,1.30039,1.30124
2013-03-18,1.28982,1.29736,1.28824,1.28927
2013-03-19,1.2945,1.29651,1.28899,1.2945
2013-03-20,1.2865,1.29723,1.28639,1.28639
2013-03-21,1.294,1.29567,1.2885,1.29416
2013-03-22,1.29049,1.30039,1.28899,1.29049
2013-03-25,1.30242,1.3048,1.28674,1.30241
2013-03-26,1.28601,1.2887,1.28346,1.28584
2013-03-27,1.28604,1.28684,1.27563,1.28601
2013-03-28,1.27747,1.28452,1.27584,1.27779
2013-03-29,1.28139,1.28353,1.27949,1.28159
2013-04-01,1.28056,1.28665,1.27743,1.28057
2013-04-02,1.28502,1.28783,1.28143,1.28502
2013-04-03,1.28205,1.28634,1.27926,1.28205
2013-04-04,1.28502,1.28808,1.27498,1.28502
2013-04-05,1.29266,1.30412,1.29014,1.29282
2013-04-08,1.29921,1.3034,1.29692,1.29921
2013-04-09,1.30293,1.3098,1.30093,1.30293
2013-04-10,1.30804,1.31199,1.30565,1.30803
2013-04-11,1.30531,1.314,1.30463,1.30553
2013-04-12,1.31148,1.31268,1.30404,1.31148
2013-04-15,1.30969,1.31096,1.30562,1.30993
2013-04-16,1.30519,1.31473,1.30312,1.30547
2013-04-17,1.31787,1.31971,1.3039,1.31787
2013-04-18,1.30344,1.30878,1.30242,1.30349
2013-04-19,1.30531,1.31171,1.30514,1.30531
2013-04-22,1.30582,1.3084,1.3018,1.30557
2013-04-23,1.30599,1.30822,1.29744,1.30617
2013-04-24,1.29938,1.3031,1.2962,1.29944
2013-04-25,1.30174,1.30926,1.29933,1.30174
2013-04-26,1.30073,1.30463,1.29935,1.30073
2013-04-29,1.30429,1.31153,1.30344,1.30426
2013-04-30,1.30959,1.3186,1.30598,1.30959
2013-05-01,1.3169,1.32415,1.31621,1.31683
2013-05-02,1.31822,1.3217,1.30446,1.31822
2013-05-03,1.30651,1.3151,1.30375,1.30651
2013-05-06,1.31234,1.31389,1.30568,1.31234
2013-05-07,1.30753,1.3133,1.30685,1.30702
2013-05-08,1.3077,1.31897,1.30753,1.3077
2013-05-09,1.31614,1.3178,1.30891,1.31614
2013-05-10,1.30344,1.30514,1.29378,1.30344
2013-05-13,1.2969,1.2996,1.29442,1.29653
2013-05-14,1.29875,1.30259,1.2948,1.2988
2013-05-15,1.29369,1.2942,1.28442,1.29371
2013-05-16,1.28839,1.29274,1.28484,1.28824
2013-05-17,1.28833,1.289,1.28,1.28833
2013-05-20,1.28301,1.2877,1.28217,1.28357
2013-05-21,1.28919,1.2917,1.28451,1.28911
2013-05-22,1.29202,1.2997,1.28669,1.29191
2013-05-23,1.28439,1.2952,1.28245,1.28421
2013-05-24,1.29244,1.29901,1.29061,1.29251
2013-05-27,1.29369,1.2952,1.29166,1.29378
2013-05-28,1.29369,1.2947,1.28549,1.29339
2013-05-29,1.2847,1.2969,1.28397,1.28464
2013-05-30,1.29477,1.3061,1.29359,1.29478
2013-05-31,1.30431,1.30494,1.29468,1.30439
2013-06-03,1.29951,1.31036,1.29571,1.29965
2013-06-04,1.30729,1.30982,1.30448,1.30729
2013-06-05,1.30729,1.31121,1.30569,1.30734
2013-06-06,1.30931,1.3272,1.30762,1.30933
2013-06-07,1.32438,1.32751,1.31947,1.32456
2013-06-10,1.3224,1.32406,1.31806,1.3224
2013-06-11,1.3224,1.33161,1.31806,1.3224
2013-06-12,1.3224,1.33597,1.31806,1.3224
2013-06-13,1.33394,1.3389,1.32812,1.33396
2013-06-14,1.33676,1.3371,1.32993,1.33679
2013-06-17,1.3351,1.3361,1.33197,1.33486
2013-06-18,1.33634,1.34126,1.33285,1.33631
2013-06-19,1.3388,1.34134,1.33862,1.33899
2013-06-20,1.32874,1.33011,1.31647,1.32919
2013-06-21,1.3237,1.3254,1.31116,1.32356
2013-06-24,1.31041,1.3123,1.3063,1.31053
2013-06-25,1.31309,1.31494,1.30678,1.31323
2013-06-26,1.30804,1.30875,1.29871,1.30798
2013-06-27,1.30146,1.305,1.30043,1.30134
2013-06-28,1.30348,1.31,1.29926,1.30359
2013-07-01,1.30139,1.30657,1.30083,1.30141
2013-07-02,1.30692,1.30781,1.29949,1.30676
2013-07-03,1.29782,1.30301,1.29267,1.29789
2013-07-04,1.30091,1.3023,1.2887,1.30108
2013-07-05,1.29061,1.29081,1.2811,1.29077
2013-07-08,1.28279,1.2877,1.28132,1.28291
2013-07-09,1.287,1.28969,1.2763,1.2871
2013-07-10,1.27833,1.286,1.27672,1.27818
2013-07-11,1.31764,1.31877,1.30089,1.31877
2013-07-12,1.30979,1.3101,1.30006,1.30977
2013-07-15,1.3061,1.30811,1.29975,1.30599
2013-07-16,1.30611,1.31529,1.30545,1.30588
2013-07-17,1.3153,1.31728,1.30875,1.31511
2013-07-18,1.31163,1.31253,1.30717,1.3117
2013-07-19,1.31099,1.31493,1.30905,1.31106
2013-07-22,1.3156,1.32188,1.3145,1.316
2013-07-23,1.31903,1.3227,1.31648,1.31903
2013-07-24,1.32226,1.3255,1.31914,1.32233
2013-07-25,1.31905,1.3239,1.31684,1.31909
2013-07-26,1.3276,1.3298,1.32538,1.32742
2013-07-29,1.32866,1.3297,1.32416,1.32874
2013-07-30,1.3264,1.33002,1.32379,1.32637
2013-07-31,1.32665,1.3299,1.3218,1.32649
2013-08-01,1.33011,1.3311,1.31985,1.33014
2013-08-02,1.32127,1.3294,1.31917,1.3212
2013-08-05,1.32792,1.3302,1.32374,1.3279
2013-08-06,1.32591,1.33229,1.32474,1.32575
2013-08-07,1.33062,1.3333,1.32672,1.33081
2013-08-08,1.33383,1.3397,1.333,1.3341
2013-08-09,1.3379,1.3392,1.33349,1.33801
2013-08-12,1.33394,1.33412,1.32788,1.33394
2013-08-13,1.3294,1.33161,1.32343,1.32929
2013-08-14,1.3267,1.328,1.32395,1.32656
2013-08-15,1.32659,1.33071,1.32091,1.32642
2013-08-16,1.3351,1.338,1.33194,1.3354
2013-08-19,1.333,1.3374,1.33168,1.33291
2013-08-20,1.3336,1.34502,1.33243,1.33339
2013-08-21,1.3421,1.3427,1.33586,1.3421
2013-08-22,1.33426,1.33668,1.33018,1.33429
2013-08-23,1.33563,1.341,1.33365,1.33551
2013-08-26,1.33887,1.33921,1.33589,1.33865
2013-08-27,1.33779,1.34,1.33267,1.33792
2013-08-28,1.33921,1.33976,1.33083,1.33921
2013-08-29,1.33358,1.3341,1.32212,1.33349
2013-08-30,1.32371,1.32535,1.31792,1.32363
2013-09-02,1.32079,1.3229,1.31863,1.32083
2013-09-03,1.31903,1.3197,1.3143,1.319
2013-09-04,1.3173,1.32181,1.31609,1.3174
2013-09-05,1.3201,1.32209,1.3112,1.32006
2013-09-06,1.31192,1.3187,1.31062,1.31184
2013-09-09,1.31721,1.3263,1.31676,1.31742
2013-09-10,1.32559,1.3278,1.3232,1.3258
2013-09-11,1.32686,1.33142,1.32468,1.32663
2013-09-12,1.3315,1.33239,1.32695,1.33156
2013-09-13,1.33,1.33195,1.3257,1.32989
2013-09-16,1.33577,1.3386,1.33417,1.33593
2013-09-17,1.33348,1.337,1.33269,1.3338
2013-09-18,1.33574,1.3367,1.33399,1.33579
2013-09-19,1.35234,1.357,1.35161,1.3523
2013-09-20,1.35349,1.355,1.35,1.35342
2013-09-23,1.35338,1.3546,1.34822,1.35345
2013-09-24,1.34976,1.3518,1.3466,1.34989
2013-09-25,1.3474,1.3535,1.34631,1.34718
2013-09-26,1.3515,1.353,1.34797,1.3517
2013-09-27,1.3488,1.3566,1.34755,1.34862
2013-09-30,1.3496,1.35558,1.34805,1.34955
2013-10-01,1.3525,1.3588,1.35187,1.35252
2013-10-02,1.35239,1.36054,1.35095,1.35234
2013-10-03,1.35908,1.3646,1.35811,1.3591
2013-10-04,1.36236,1.36331,1.35811,1.36242
2013-10-07,1.35696,1.3592,1.35455,1.357
2013-10-09,1.36006,1.36006,1.35016,1.3598
2013-10-10,1.35194,1.35445,1.34895,1.35203
2013-10-11,1.3527,1.3583,1.35208,1.35267
2013-10-14,1.35562,1.3598,1.3547,1.35567
2013-10-15,1.35575,1.3575,1.34821,1.35586
2013-10-16,1.35208,1.3569,1.34756,1.35217
2013-10-17,1.35225,1.3682,1.35173,1.35225
2013-10-18,1.367,1.3704,1.36605,1.3667
2013-10-21,1.36812,1.3687,1.36533,1.36819
2013-10-22,1.3673,1.3785,1.3664,1.3676
2013-10-23,1.37809,1.37935,1.37434,1.37785
2013-10-24,1.37794,1.3823,1.37688,1.37809
2013-10-25,1.38017,1.383,1.37759,1.3804
2013-10-28,1.38061,1.38181,1.37771,1.38053
2013-10-29,1.3791,1.3814,1.3755,1.37893
2013-10-30,1.37436,1.37763,1.3734,1.37431
2013-10-31,1.37246,1.374,1.35886,1.3724
2013-11-01,1.35798,1.35801,1.34814,1.35798
2013-11-04,1.34936,1.35201,1.3445,1.3494
2013-11-05,1.35161,1.35239,1.34497,1.3517
2013-11-06,1.34729,1.3547,1.34687,1.34731
2013-11-07,1.35177,1.3531,1.33058,1.35181
2013-11-08,1.3409,1.34363,1.33213,1.34091
2013-11-11,1.33454,1.34127,1.33454,1.33479
2013-11-12,1.34088,1.3455,1.33639,1.34093
2013-11-13,1.34383,1.34541,1.33926,1.344
2013-11-14,1.34844,1.34951,1.3422,1.34896
2013-11-15,1.34477,1.35033,1.34347,1.3449
2013-11-18,1.34833,1.35421,1.34756,1.3484
2013-11-19,1.35026,1.35417,1.34904,1.35044
2013-11-20,1.3563,1.35674,1.34593,1.35674
2013-11-21,1.34336,1.34749,1.34,1.34338
2013-11-22,1.34722,1.35383,1.34635,1.34718
2013-11-25,1.35523,1.35555,1.34907,1.35523
2013-11-26,1.35331,1.35678,1.35235,1.35276
2013-11-27,1.35691,1.3613,1.35593,1.35678
2013-11-28,1.35742,1.3617,1.35659,1.35737
2013-11-29,1.36036,1.36221,1.36001,1.3604
2013-12-02,1.35866,1.36146,1.35281,1.35851
2013-12-03,1.35426,1.3594,1.35256,1.35421
2013-12-04,1.3591,1.35999,1.35303,1.35906
2013-12-05,1.3587,1.36664,1.35453,1.35864
2013-12-06,1.36709,1.3695,1.36323,1.367
2013-12-09,1.37082,1.37309,1.36951,1.37065
2013-12-10,1.3738,1.37933,1.37363,1.37402
2013-12-11,1.3766,1.3798,1.37444,1.37644
2013-12-12,1.37853,1.3805,1.37483,1.37861
2013-12-13,1.37508,1.37684,1.37108,1.37508
2013-12-16,1.37382,1.3799,1.37382,1.37393
2013-12-17,1.37618,1.37821,1.3727,1.37629
2013-12-18,1.37711,1.3781,1.37348,1.37713
2013-12-19,1.36831,1.36939,1.36511,1.36849
2013-12-20,1.3656,1.37087,1.36258,1.36558
2013-12-23,1.36788,1.3716,1.36743,1.36784
2013-12-24,1.36983,1.36999,1.36558,1.36999
2013-12-25,1.36819,1.37071,1.3664,1.36819
2013-12-26,1.36771,1.37007,1.36674,1.36685
2013-12-27,1.36956,1.38835,1.36939,1.36962
2013-12-30,1.37519,1.38116,1.373,1.37502
2013-12-31,1.38078,1.38125,1.37612,1.38101
2014-01-01,1.37449,1.3779,1.3744,1.37449
2014-01-02,1.3766,1.37747,1.36327,1.37667
2014-01-03,1.36662,1.3673,1.36017,1.36666
2014-01-06,1.35958,1.36461,1.35728,1.3596
2014-01-07,1.36307,1.3658,1.35988,1.3632
2014-01-08,1.36169,1.36361,1.3572,1.36164
2014-01-09,1.35726,1.36328,1.35549,1.3572
2014-01-10,1.36071,1.3687,1.35781,1.36071
2014-01-13,1.36722,1.36848,1.36393,1.36718
2014-01-14,1.36709,1.36986,1.36503,1.367
2014-01-15,1.36681,1.36735,1.35826,1.36685
2014-01-16,1.36012,1.36479,1.35881,1.35993
2014-01-17,1.36156,1.3621,1.35569,1.3618
2014-01-20,1.35283,1.35664,1.35093,1.35276
2014-01-21,1.35454,1.3564,1.35186,1.3549
2014-01-22,1.35575,1.35809,1.35354,1.35591
2014-01-23,1.35452,1.36855,1.35336,1.35422
2014-01-24,1.369,1.37349,1.36649,1.36891
2014-01-27,1.36881,1.3715,1.36554,1.36879
2014-01-28,1.3676,1.36894,1.36318,1.36747
2014-01-29,1.36543,1.3686,1.36045,1.3655
2014-01-30,1.36591,1.36621,1.35606,1.36586
2014-01-31,1.35586,1.35624,1.34811,1.35588
2014-02-03,1.34882,1.35196,1.34793,1.34882
2014-02-04,1.35228,1.354,1.34956,1.3525
2014-02-05,1.35166,1.3553,1.35004,1.35159
2014-02-06,1.35349,1.36201,1.34911,1.35351
2014-02-07,1.35897,1.36421,1.35558,1.35921
2014-02-10,1.36203,1.3652,1.36193,1.36193
2014-02-11,1.36459,1.3684,1.36313,1.36461
2014-02-12,1.3639,1.3655,1.3563,1.3639
2014-02-13,1.3589,1.36917,1.3587,1.35901
2014-02-14,1.36776,1.3716,1.36748,1.36788
2014-02-17,1.37026,1.37261,1.36928,1.36999
2014-02-18,1.37071,1.3769,1.36962,1.37045
2014-02-19,1.3761,1.37733,1.3742,1.3762
2014-02-20,1.37317,1.37641,1.36902,1.37304
2014-02-21,1.37206,1.37567,1.37035,1.37212
2014-02-24,1.374,1.3769,1.37101,1.3738
2014-02-25,1.37351,1.3765,1.37187,1.37361
2014-02-26,1.37465,1.3758,1.36658,1.37461
2014-02-27,1.36819,1.3696,1.3645,1.36819
2014-02-28,1.37075,1.38234,1.36953,1.37075
2014-03-03,1.37754,1.3796,1.37499,1.3777
2014-03-04,1.37365,1.37789,1.37223,1.3737
2014-03-05,1.37431,1.3746,1.37108,1.37412
2014-03-06,1.37325,1.385,1.37227,1.37342
2014-03-07,1.38646,1.39153,1.38543,1.38631
2014-03-10,1.38775,1.38982,1.38633,1.38787
2014-03-11,1.38769,1.38789,1.38353,1.38789
2014-03-12,1.38575,1.39054,1.38449,1.38581
2014-03-13,1.3904,1.39654,1.38989,1.39045
2014-03-14,1.38658,1.39332,1.38498,1.38654
2014-03-17,1.39107,1.3949,1.38821,1.3913
2014-03-18,1.39272,1.39381,1.38826,1.39266
2014-03-19,1.39297,1.3933,1.39011,1.39309
2014-03-20,1.38185,1.38441,1.37527,1.38192
2014-03-21,1.37821,1.38114,1.37683,1.37821
2014-03-24,1.37975,1.38235,1.3762,1.37956
2014-03-25,1.38372,1.3849,1.37755,1.38389
2014-03-26,1.38206,1.3823,1.37813,1.3819
2014-03-27,1.3787,1.37952,1.37418,1.37821
2014-03-28,1.37419,1.37713,1.37085,1.37414
2014-03-31,1.3755,1.3806,1.37386,1.37521
2014-04-01,1.37751,1.38129,1.37714,1.37751
2014-04-02,1.37935,1.382,1.37552,1.37948
2014-04-03,1.37682,1.37994,1.36996,1.37682
2014-04-04,1.37212,1.373,1.36763,1.37238
2014-04-07,1.37041,1.37489,1.36979,1.37041
2014-04-08,1.37431,1.3809,1.37395,1.37431
2014-04-09,1.37933,1.38277,1.3781,1.37933
2014-04-10,1.38529,1.38996,1.38377,1.3855
2014-04-11,1.38891,1.39061,1.38656,1.38864
2014-04-14,1.38473,1.38629,1.381,1.38462
2014-04-15,1.38181,1.38324,1.37927,1.38171
2014-04-16,1.38104,1.3852,1.38048,1.3812
2014-04-17,1.3824,1.38656,1.3824,1.38271
2014-04-18,1.38122,1.3823,1.38095,1.38122
2014-04-21,1.38152,1.38305,1.37889,1.38152
2014-04-22,1.37927,1.38247,1.37867,1.3795
2014-04-23,1.38074,1.38554,1.38011,1.38101
2014-04-24,1.38181,1.3842,1.37922,1.38192
2014-04-25,1.38305,1.38491,1.38288,1.3832
2014-04-28,1.3841,1.388,1.38171,1.38406
2014-04-29,1.38529,1.3879,1.38074,1.38529
2014-04-30,1.38139,1.3877,1.37866,1.38137
2014-05-01,1.38687,1.3891,1.3864,1.38692
2014-05-02,1.3871,1.3871,1.38135,1.3871
2014-05-05,1.38727,1.3888,1.3866,1.38727
2014-05-06,1.38769,1.39517,1.38735,1.3876
2014-05-07,1.39299,1.39379,1.39126,1.39307
2014-05-08,1.39121,1.39911,1.38518,1.39117
2014-05-09,1.38435,1.3845,1.37554,1.38443
2014-05-12,1.37616,1.3776,1.37502,1.37606
2014-05-13,1.37565,1.3774,1.36999,1.37567
2014-05-14,1.3709,1.37298,1.36992,1.37095
2014-05-15,1.37189,1.37305,1.36506,1.37201
2014-05-16,1.3717,1.3728,1.36861,1.37165
2014-05-19,1.37039,1.37343,1.37013,1.37033
2014-05-20,1.37133,1.3715,1.36815,1.37138
2014-05-21,1.37046,1.3722,1.36544,1.37041
2014-05-22,1.36831,1.36873,1.36478,1.36818
2014-05-23,1.3655,1.3655,1.36162,1.36545
2014-05-26,1.36281,1.3656,1.36167,1.36288
2014-05-27,1.3653,1.36692,1.36143,1.36513
2014-05-28,1.36357,1.3639,1.35919,1.3637
2014-05-29,1.3594,1.3626,1.35888,1.35934
2014-05-30,1.36032,1.36509,1.35993,1.36045
2014-06-02,1.36284,1.36373,1.35947,1.36281
2014-06-03,1.35977,1.3646,1.35946,1.3599
2014-06-04,1.36219,1.36375,1.36012,1.3621
2014-06-05,1.36034,1.36379,1.35068,1.36041
2014-06-06,1.36608,1.36758,1.36218,1.36619
2014-06-09,1.36454,1.3669,1.35833,1.36429
2014-06-10,1.35927,1.3603,1.35379,1.35927
2014-06-11,1.35402,1.3559,1.3523,1.3541
2014-06-12,1.35366,1.35621,1.3513,1.35371
2014-06-13,1.35507,1.3581,1.35236,1.35545
2014-06-16,1.35369,1.35811,1.35136,1.3538
2014-06-17,1.3577,1.3587,1.35386,1.35772
2014-06-18,1.35498,1.35827,1.3542,1.35479
2014-06-19,1.3591,1.3645,1.35855,1.35906
2014-06-20,1.36082,1.3634,1.35653,1.36114
2014-06-23,1.35919,1.36151,1.3576,1.35931
2014-06-24,1.36006,1.363,1.35838,1.36019
2014-06-25,1.36075,1.3652,1.3601,1.36058
2014-06-26,1.36286,1.3642,1.3577,1.3629
2014-06-27,1.36117,1.36397,1.36104,1.3613
2014-06-30,1.36442,1.3697,1.36414,1.36444
2014-07-01,1.36919,1.36981,1.36767,1.36936
2014-07-02,1.36816,1.36831,1.36447,1.36808
2014-07-03,1.36536,1.3665,1.35993,1.3653
2014-07-04,1.36091,1.3613,1.35862,1.36101
2014-07-07,1.35895,1.3607,1.35773,1.35884
2014-07-08,1.36067,1.3618,1.35897,1.36062
2014-07-09,1.36175,1.3642,1.36029,1.36171
2014-07-10,1.36435,1.36506,1.35901,1.36429
2014-07-11,1.36058,1.36247,1.35936,1.36051
2014-07-14,1.36036,1.364,1.35988,1.36038
2014-07-15,1.36221,1.36284,1.35626,1.36218
2014-07-16,1.3572,1.3572,1.35264,1.3572
2014-07-17,1.35291,1.35402,1.3519,1.353
2014-07-18,1.35181,1.35364,1.34927,1.35188
2014-07-21,1.3532,1.35492,1.35147,1.35322
2014-07-22,1.35228,1.35303,1.34617,1.3527
2014-07-23,1.34682,1.34751,1.34559,1.3468
2014-07-24,1.3462,1.34857,1.34418,1.34629
2014-07-25,1.34662,1.3477,1.3429,1.34647
2014-07-28,1.34291,1.3446,1.34273,1.34289
2014-07-29,1.34391,1.34439,1.34099,1.34391
2014-07-30,1.34115,1.34171,1.33688,1.34111
2014-07-31,1.33955,1.3402,1.33723,1.3396
2014-08-01,1.33899,1.3446,1.33796,1.33899
2014-08-04,1.34289,1.34329,1.34121,1.34289
2014-08-05,1.34225,1.34261,1.33615,1.34221
2014-08-06,1.33717,1.3375,1.3334,1.33724
2014-08-07,1.3382,1.3393,1.33394,1.33829
2014-08-08,1.33601,1.34301,1.33451,1.33583
2014-08-11,1.3405,1.3409,1.3381,1.34052
2014-08-12,1.33828,1.33851,1.33375,1.33849
2014-08-13,1.33658,1.34148,1.3345,1.33661
2014-08-14,1.33667,1.34069,1.33495,1.33679
2014-08-15,1.3364,1.34095,1.3359,1.3364
2014-08-18,1.33921,1.3401,1.33549,1.33905
2014-08-19,1.33606,1.33611,1.33148,1.33611
2014-08-20,1.33214,1.3322,1.32765,1.3322
2014-08-21,1.326,1.3291,1.32429,1.32605
2014-08-22,1.32795,1.3299,1.3225,1.32793
2014-08-25,1.3198,1.32103,1.31861,1.31987
2014-08-26,1.31876,1.3217,1.31857,1.3189
2014-08-27,1.31693,1.32098,1.31562,1.31702
2014-08-28,1.31933,1.3219,1.31625,1.31909
2014-08-29,1.3185,1.31968,1.31443,1.3185
2014-09-01,1.31277,1.3147,1.31203,1.31278
2014-09-02,1.3132,1.31373,1.31118,1.3132
2014-09-03,1.31309,1.3161,1.3124,1.3132
2014-09-04,1.31492,1.3155,1.29242,1.3151
2014-09-05,1.29304,1.29882,1.29267,1.29328
2014-09-08,1.2952,1.29587,1.29317,1.29534
2014-09-09,1.28941,1.29249,1.28611,1.28911
2014-09-10,1.294,1.29628,1.28989,1.2942
2014-09-11,1.29176,1.29521,1.28996,1.29171
2014-09-12,1.29247,1.29602,1.29132,1.29236
2014-09-15,1.29608,1.2969,1.29124,1.29601
2014-09-16,1.29396,1.29782,1.29242,1.29398
2014-09-17,1.29591,1.298,1.29409,1.29591
2014-09-18,1.28502,1.29269,1.285,1.285
2014-09-19,1.29214,1.29296,1.2832,1.29201
2014-09-22,1.28408,1.2869,1.28195,1.28414
2014-09-23,1.2853,1.28993,1.28459,1.28515
2014-09-24,1.2851,1.28639,1.27755,1.2854
2014-09-25,1.27791,1.27849,1.27054,1.27781
2014-09-26,1.27571,1.27605,1.26815,1.27571
2014-09-29,1.26764,1.27146,1.26651,1.26731
2014-09-30,1.2691,1.2702,1.25739,1.26908
2014-10-01,1.26291,1.264,1.25857,1.26283
2014-10-02,1.2625,1.26905,1.26161,1.26242
2014-10-03,1.26699,1.26706,1.25016,1.26706
2014-10-06,1.2515,1.25932,1.25136,1.25136
2014-10-07,1.2644,1.26643,1.25847,1.26461
2014-10-08,1.2668,1.2691,1.26245,1.2668
2014-10-09,1.27389,1.2793,1.26778,1.27431
2014-10-10,1.26891,1.2716,1.26105,1.26891
2014-10-13,1.26409,1.27,1.2635,1.26398
2014-10-14,1.27225,1.2732,1.26408,1.27239
2014-10-15,1.26441,1.28404,1.26261,1.2639
2014-10-16,1.28205,1.28444,1.27107,1.28217
2014-10-17,1.28075,1.28349,1.27465,1.28044
2014-10-20,1.27489,1.27885,1.27324,1.27496
2014-10-21,1.27953,1.28393,1.27171,1.27953
2014-10-22,1.27142,1.27391,1.26511,1.27147
2014-10-23,1.26454,1.26758,1.2617,1.26414
2014-10-24,1.26507,1.26951,1.26358,1.26541
2014-10-27,1.26768,1.2722,1.26671,1.26767
2014-10-28,1.27024,1.2763,1.2687,1.27015
2014-10-29,1.2738,1.27698,1.27251,1.27384
2014-10-30,1.26323,1.26341,1.25587,1.26328
2014-10-31,1.261,1.26134,1.24913,1.26134
2014-11-03,1.25033,1.25114,1.24429,1.25031
2014-11-04,1.24927,1.25681,1.24927,1.24959
2014-11-05,1.2554,1.25671,1.24597,1.25526
2014-11-06,1.24777,1.25336,1.24021,1.248
2014-11-07,1.23818,1.2443,1.23639,1.23801
2014-11-10,1.24618,1.25087,1.24305,1.24614
2014-11-11,1.24271,1.2442,1.23964,1.24299
2014-11-12,1.2478,1.25,1.24318,1.24758
2014-11-13,1.24319,1.24902,1.24299,1.24299
2014-11-14,1.24751,1.2493,1.23996,1.2476
2014-11-17,1.25214,1.25759,1.24483,1.25185
2014-11-18,1.24511,1.25357,1.2449,1.2449
2014-11-19,1.2534,1.2571,1.25139,1.25334
2014-11-20,1.2543,1.25753,1.25068,1.25408
2014-11-21,1.25436,1.25672,1.24069,1.2545
2014-11-24,1.23742,1.24403,1.23742,1.2375
2014-11-25,1.2436,1.24789,1.2406,1.24332
2014-11-26,1.24789,1.25246,1.24444,1.24807
2014-11-27,1.25055,1.2521,1.24662,1.25059
2014-11-28,1.24583,1.24895,1.24311,1.2462
2014-12-01,1.2438,1.25059,1.24228,1.24383
2014-12-02,1.24701,1.2478,1.23957,1.24701
2014-12-03,1.2388,1.2393,1.2303,1.23885
2014-12-04,1.23122,1.24318,1.22977,1.23166
2014-12-05,1.23857,1.23925,1.22751,1.23867
2014-12-08,1.22969,1.23039,1.2248,1.22941
2014-12-09,1.23141,1.2448,1.22938,1.23151
2014-12-10,1.23871,1.2436,1.23629,1.2395
2014-12-11,1.248,1.24959,1.23742,1.2474
2014-12-12,1.23913,1.24771,1.23867,1.2395
2014-12-15,1.24648,1.248,1.24171,1.24635
2014-12-16,1.24435,1.25657,1.24363,1.24435
2014-12-17,1.25138,1.2516,1.23901,1.2512
2014-12-18,1.23381,1.23515,1.22667,1.2339
2014-12-19,1.22911,1.231,1.22549,1.22904
2014-12-22,1.22249,1.228,1.22236,1.2226
2014-12-23,1.22246,1.225,1.21657,1.22237
2014-12-24,1.2176,1.22211,1.21709,1.21749
2014-12-25,1.21985,1.2256,1.21916,1.21985
2014-12-26,1.22111,1.2223,1.217,1.221
2014-12-29,1.21696,1.222,1.21694,1.21694
2014-12-30,1.2155,1.219,1.21249,1.21535
2014-12-31,1.2162,1.21697,1.21054,1.2162
2015-01-01,1.20986,1.20986,1.20986,1.20986
2015-01-02,1.20887,1.20896,1.20108,1.20894
2015-01-05,1.1955,1.19759,1.18891,1.19464
2015-01-06,1.19383,1.197,1.18869,1.1939
2015-01-07,1.18748,1.19,1.1804,1.18754
2015-01-08,1.18389,1.18481,1.1756,1.1836
2015-01-09,1.17943,1.18383,1.17683,1.17961
2015-01-12,1.18701,1.1872,1.1788,1.18707
2015-01-13,1.18324,1.1859,1.17565,1.18315
2015-01-14,1.17768,1.18436,1.17306,1.17783
2015-01-15,1.17838,1.17886,1.15923,1.17859
2015-01-16,1.1639,1.165,1.14643,1.16374
2015-01-19,1.15638,1.16387,1.1554,1.1566
2015-01-20,1.1597,1.1616,1.15692,1.1598
2015-01-21,1.15467,1.1664,1.15437,1.15469
2015-01-22,1.1617,1.16429,1.1414,1.16153
2015-01-23,1.13465,1.1374,1.11218,1.13467
2015-01-26,1.11408,1.1284,1.11255,1.11255
2015-01-27,1.1251,1.142,1.1226,1.12477
2015-01-28,1.1367,1.1382,1.13078,1.13674
2015-01-29,1.12848,1.1368,1.12641,1.12815
2015-01-30,1.13374,1.1364,1.1286,1.13356
2015-02-02,1.13047,1.136,1.12929,1.1309
2015-02-03,1.1337,1.145,1.13179,1.13417
2015-02-04,1.14569,1.14842,1.14042,1.14574
2015-02-05,1.13172,1.146,1.1317,1.13187
2015-02-06,1.14709,1.1476,1.132,1.1472
2015-02-09,1.13148,1.136,1.12717,1.13144
2015-02-10,1.13261,1.135,1.12756,1.1327
2015-02-11,1.13195,1.1332,1.12886,1.1322
2015-02-12,1.13083,1.13982,1.13062,1.1312
2015-02-13,1.14048,1.145,1.1382,1.14039
2015-02-16,1.13971,1.1435,1.13971,1.14
2015-02-17,1.13336,1.14423,1.13252,1.1334
2015-02-18,1.1405,1.1415,1.13478,1.14047
2015-02-19,1.14008,1.145,1.13562,1.14
2015-02-20,1.13667,1.1376,1.12821,1.13667
2015-02-23,1.13794,1.1393,1.12966,1.13815
2015-02-24,1.13341,1.13474,1.12907,1.1333
2015-02-25,1.13407,1.1388,1.13378,1.1339
2015-02-26,1.13627,1.13788,1.12027,1.13636
2015-02-27,1.12036,1.125,1.11768,1.12054
2015-03-02,1.11709,1.12404,1.1162,1.1162
2015-03-03,1.11767,1.1214,1.1156,1.11791
2015-03-04,1.11841,1.11881,1.10628,1.11822
2015-03-05,1.108,1.11089,1.10105,1.10821
2015-03-06,1.1034,1.1034,1.085222,1.1032
2015-03-09,1.084563,1.091,1.083776,1.084599
2015-03-10,1.083576,1.083705,1.07059,1.083341
2015-03-11,1.070939,1.071455,1.05614,1.07087
2015-03-12,1.054941,1.06815,1.050155,1.054875
2015-03-13,1.062598,1.063,1.04863,1.062631
2015-03-16,1.048449,1.0614,1.048163,1.048163
2015-03-17,1.057284,1.0649,1.055298,1.057295
2015-03-18,1.059591,1.0646,1.05805,1.059805
2015-03-19,1.084399,1.091405,1.062141,1.084999
2015-03-20,1.06727,1.08149,1.06572,1.066894
2015-03-23,1.082603,1.09437,1.07695,1.082661
2015-03-24,1.094799,1.103,1.089331,1.094499
2015-03-25,1.09106,1.1013,1.090203,1.090203
2015-03-26,1.096648,1.10452,1.09126,1.096047
2015-03-27,1.088554,1.089538,1.08053,1.088637
2015-03-30,1.088198,1.088495,1.08111,1.088495
2015-03-31,1.082907,1.084352,1.071765,1.083025
2015-04-01,1.074102,1.08003,1.07213,1.073814
2015-04-02,1.076983,1.08969,1.075269,1.076994
2015-04-03,1.087098,1.1022,1.08659,1.087075
2015-04-06,1.10015,1.10359,1.096852,1.10013
2015-04-07,1.093482,1.095554,1.08377,1.093482
2015-04-08,1.082497,1.089,1.07895,1.082415
2015-04-09,1.078435,1.079005,1.067,1.078528
2015-04-10,1.066724,1.06835,1.05715,1.066906
2015-04-13,1.060828,1.062,1.05216,1.060985
2015-04-14,1.057496,1.07069,1.05325,1.057295
2015-04-15,1.064793,1.06687,1.05746,1.064713
2015-04-16,1.067714,1.07624,1.0628,1.06768
2015-04-17,1.075998,1.08469,1.07351,1.075558
2015-04-20,1.081023,1.081865,1.07162,1.081023
2015-04-21,1.074818,1.0765,1.066159,1.074749
2015-04-22,1.073825,1.08,1.07101,1.074172
2015-04-23,1.072501,1.08182,1.06713,1.072582
2015-04-24,1.081514,1.0898,1.078772,1.081502
2015-04-27,1.086744,1.09049,1.082391,1.086897
2015-04-28,1.087701,1.0989,1.08618,1.087796
2015-04-29,1.097213,1.1176,1.09606,1.096912
2015-04-30,1.11132,1.12476,1.1073,1.11143
2015-05-01,1.1215,1.12897,1.1186,1.12147
2015-05-04,1.11909,1.12231,1.1124,1.11859
2015-05-05,1.115,1.121,1.1069,1.11491
2015-05-06,1.11844,1.13653,1.11781,1.11863
2015-05-07,1.13393,1.13906,1.12382,1.13415
2015-05-08,1.12451,1.1289,1.11852,1.12469
2015-05-11,1.1197,1.1203,1.11346,1.11941
2015-05-12,1.1146,1.12779,1.1136,1.11444
2015-05-13,1.12189,1.13828,1.12055,1.12215
2015-05-14,1.1348,1.14438,1.13422,1.13505
2015-05-15,1.14039,1.1451,1.13247,1.1405
2015-05-18,1.1444,1.1447,1.13388,1.14451
2015-05-19,1.13254,1.13262,1.1121,1.13262
2015-05-20,1.11468,1.11508,1.10657,1.11467
2015-05-21,1.11031,1.118,1.10859,1.11008
2015-05-22,1.1111,1.121,1.1007,1.11119
2015-05-25,1.099215,1.101,1.096071,1.0993
2015-05-26,1.097129,1.097129,1.08752,1.097117
2015-05-27,1.088755,1.093,1.0822,1.088886
2015-05-28,1.0898,1.095,1.08688,1.090001
2015-05-29,1.095794,1.10035,1.092911,1.096035
2015-06-01,1.095902,1.098,1.08889,1.095794
2015-06-02,1.092275,1.11663,1.091941,1.092299
2015-06-03,1.11483,1.12833,1.10868,1.115
2015-06-04,1.12623,1.1376,1.12326,1.12578
2015-06-05,1.1216,1.12802,1.10518,1.12079
2015-06-08,1.11054,1.12428,1.10881,1.11081
2015-06-09,1.1282,1.13397,1.12167,1.1281
2015-06-10,1.12933,1.1382,1.12666,1.12991
2015-06-11,1.1313,1.13205,1.11888,1.1312
2015-06-12,1.12451,1.12933,1.11525,1.12406
2015-06-15,1.12179,1.12581,1.11915,1.12199
2015-06-16,1.1277,1.13301,1.12116,1.1277
2015-06-17,1.12424,1.12911,1.12295,1.1242
2015-06-18,1.13642,1.14284,1.1341,1.137
2015-06-19,1.13729,1.1388,1.1296,1.13707
2015-06-22,1.13623,1.141,1.1316,1.13729
2015-06-23,1.13462,1.13491,1.11377,1.13491
2015-06-24,1.11771,1.124,1.11628,1.11722
2015-06-25,1.12071,1.12241,1.11567,1.1207
2015-06-26,1.12039,1.122,1.11363,1.1203
2015-06-29,1.098298,1.11974,1.097502,1.097502
2015-06-30,1.1216,1.12388,1.1123,1.1223
2015-07-01,1.1135,1.11676,1.10612,1.1135
2015-07-02,1.1037,1.11216,1.10336,1.10336
2015-07-03,1.1086,1.112,1.10827,1.1087
2015-07-06,1.099795,1.10914,1.099505,1.099505
2015-07-07,1.1048,1.10527,1.09168,1.1049
2015-07-08,1.10099,1.10901,1.097502,1.10099
2015-07-09,1.10724,1.11162,1.10229,1.1071
2015-07-10,1.1063,1.122,1.10562,1.1063
2015-07-13,1.1129,1.11976,1.10077,1.1129
2015-07-14,1.098515,1.1074,1.09685,1.099046
2015-07-15,1.1009,1.104,1.09361,1.1008
2015-07-16,1.093888,1.095,1.08594,1.094355
2015-07-17,1.088601,1.091,1.084391,1.088601
2015-07-20,1.083295,1.0872,1.082157,1.083025
2015-07-21,1.083482,1.09407,1.08127,1.083541
2015-07-22,1.0939,1.097,1.08814,1.093996
2015-07-23,1.092705,1.102,1.092395,1.092705
2015-07-24,1.098841,1.099602,1.09279,1.098901
2015-07-27,1.097406,1.113,1.097237,1.097237
2015-07-28,1.1091,1.1101,1.1023,1.109
2015-07-29,1.10655,1.1086,1.10142,1.1066
2015-07-30,1.098394,1.099,1.09113,1.098406
2015-07-31,1.094176,1.11103,1.09239,1.093924
2015-08-03,1.0969,1.09954,1.0944,1.0969
2015-08-04,1.095398,1.0996,1.09335,1.095602
2015-08-05,1.088601,1.091879,1.085031,1.088898
2015-08-06,1.090405,1.09346,1.08775,1.09031
2015-08-07,1.092204,1.096861,1.08591,1.092705
2015-08-10,1.095902,1.1,1.09271,1.096503
2015-08-11,1.10179,1.10859,1.09615,1.1017
2015-08-12,1.10437,1.12103,1.1033,1.1042
2015-08-13,1.11559,1.11891,1.10818,1.1161
2015-08-14,1.1159,1.119,1.11011,1.1161
2015-08-17,1.1095,1.1126,1.10625,1.1093
2015-08-18,1.10771,1.11,1.10219,1.1078
2015-08-19,1.1031,1.108,1.10204,1.10308
2015-08-20,1.112,1.122,1.11084,1.1118
2015-08-21,1.1236,1.13691,1.1232,1.1237
2015-08-24,1.1378,1.1706,1.13729,1.1377
2015-08-25,1.15824,1.159,1.14003,1.15831
2015-08-26,1.15548,1.1559,1.1355,1.15509
2015-08-27,1.13395,1.13616,1.12116,1.13401
2015-08-28,1.12451,1.131,1.11567,1.1248
2015-08-31,1.12118,1.1264,1.11859,1.1214
2015-09-01,1.1226,1.13323,1.12254,1.12259
2015-09-02,1.12962,1.13,1.12229,1.12934
2015-09-03,1.1215,1.125,1.10897,1.1216
2015-09-04,1.11259,1.116,1.10946,1.11259
2015-09-07,1.1159,1.118,1.11242,1.1152
2015-09-08,1.1159,1.123,1.11537,1.1164
2015-09-09,1.1208,1.121,1.11332,1.12074
2015-09-10,1.12194,1.128,1.11749,1.12207
2015-09-11,1.12829,1.13422,1.12558,1.12909
2015-09-14,1.1344,1.13721,1.12877,1.1344
2015-09-15,1.13109,1.133,1.12598,1.13076
2015-09-16,1.12729,1.13116,1.1215,1.12718
2015-09-17,1.12939,1.134,1.1288,1.1292
2015-09-18,1.1406,1.146,1.13517,1.14009
2015-09-21,1.12931,1.133,1.11839,1.1292
2015-09-22,1.11909,1.121,1.11308,1.11909
2015-09-23,1.1122,1.11906,1.11068,1.11207
2015-09-24,1.11881,1.12961,1.11667,1.11899
2015-09-25,1.11812,1.12044,1.11183,1.11789
2015-09-28,1.12005,1.12414,1.11521,1.12017
2015-09-29,1.12336,1.12803,1.11948,1.1231
2015-09-30,1.1254,1.1262,1.1158,1.12559
2015-10-01,1.11716,1.121,1.1139,1.11721
2015-10-02,1.11949,1.13153,1.11518,1.11934
2015-10-05,1.12215,1.1288,1.1197,1.1227
2015-10-06,1.1198,1.128,1.11761,1.11952
2015-10-07,1.12729,1.12843,1.12142,1.1268
2015-10-08,1.1242,1.13131,1.12397,1.124
2015-10-09,1.1286,1.13787,1.127,1.12869
2015-10-12,1.13691,1.14,1.13584,1.137
2015-10-13,1.1354,1.141,1.1347,1.13555
2015-10-14,1.13851,1.145,1.1385,1.1385
2015-10-15,1.1475,1.14942,1.13653,1.14755
2015-10-16,1.1367,1.14,1.13394,1.13682
2015-10-19,1.136,1.138,1.13085,1.13611
2015-10-20,1.1332,1.139,1.13258,1.1329
2015-10-21,1.1356,1.1378,1.1338,1.1354
2015-10-22,1.1347,1.1352,1.1138,1.1348
2015-10-23,1.1084,1.11409,1.1011,1.10809
2015-10-26,1.10204,1.106,1.1006,1.10204
2015-10-27,1.1061,1.1078,1.1032,1.1066
2015-10-28,1.10359,1.11,1.10271,1.1037
2015-10-29,1.092598,1.0982,1.091,1.092896
2015-10-30,1.099203,1.1072,1.096996,1.099384
2015-11-02,1.1025,1.106,1.1004,1.1026
2015-11-03,1.1017,1.1032,1.0938,1.1016
2015-11-04,1.096503,1.096696,1.0848,1.096395
2015-11-05,1.086602,1.09,1.083705,1.086803
2015-11-06,1.088495,1.089503,1.071168,1.0884
2015-11-09,1.073238,1.079,1.072996,1.073341
2015-11-10,1.075975,1.076276,1.0676,1.075951
2015-11-11,1.073802,1.077296,1.0708,1.073756
2015-11-12,1.076496,1.08,1.0694,1.076299
2015-11-13,1.080894,1.081502,1.0722,1.081502
2015-11-16,1.070102,1.076,1.069999,1.069999
2015-11-17,1.068901,1.069198,1.064401,1.068799
2015-11-18,1.064396,1.0692,1.06323,1.064385
2015-11-19,1.067304,1.0734,1.066997,1.066997
2015-11-20,1.072697,1.073001,1.066401,1.072616
2015-11-23,1.064,1.0654,1.060299,1.064101
2015-11-24,1.063898,1.067201,1.062383,1.064203
2015-11-25,1.064396,1.069,1.0576,1.064385
2015-11-26,1.062496,1.063,1.0602,1.062496
2015-11-27,1.060445,1.0638,1.057,1.060445
2015-11-30,1.058302,1.059704,1.0564,1.058302
2015-12-01,1.057295,1.064,1.056602,1.057295
2015-12-02,1.062699,1.064,1.056201,1.062586
2015-12-03,1.061199,1.0892,1.0542,1.061301
2015-12-04,1.091834,1.095194,1.0858,1.091596
2015-12-07,1.088305,1.0884,1.0798,1.0884
2015-12-08,1.0836,1.09,1.083142,1.0834
2015-12-09,1.089503,1.099,1.088198,1.089396
2015-12-10,1.1017,1.1023,1.092799,1.10179
2015-12-11,1.094799,1.103,1.092801,1.094811
2015-12-14,1.098998,1.104,1.094703,1.098394
2015-12-15,1.099227,1.107,1.0922,1.0993
2015-12-16,1.093601,1.0958,1.091322,1.093625
2015-12-17,1.087406,1.088898,1.083353,1.087453
2015-12-18,1.084399,1.087,1.0806,1.08441
2015-12-21,1.087016,1.092,1.0852,1.086992
2015-12-22,1.091203,1.0984,1.090501,1.091298
2015-12-23,1.095002,1.095494,1.088495,1.095002
2015-12-24,1.091,1.096696,1.090917,1.090917
2015-12-25,1.096515,1.097502,1.094703,1.096996
2015-12-28,1.096599,1.1,1.0958,1.096599
2015-12-29,1.097695,1.1,1.091,1.097526
2015-12-30,1.092801,1.095,1.091,1.092801
2015-12-31,1.093805,1.0939,1.0866,1.093398
2016-01-01,1.085906,1.086697,1.085906,1.085906
2016-01-04,1.085505,1.0946,1.0806,1.085399
2016-01-05,1.082603,1.084105,1.071201,1.082755
2016-01-06,1.075199,1.077203,1.0722,1.075199
2016-01-07,1.077795,1.0876,1.0774,1.0779
2016-01-08,1.092705,1.092896,1.080801,1.092598
2016-01-11,1.0939,1.094595,1.0852,1.094104
2016-01-12,1.085894,1.0902,1.0824,1.0858
2016-01-13,1.084399,1.0884,1.0806,1.084399
2016-01-14,1.088803,1.095,1.083999,1.088601
2016-01-15,1.085776,1.0982,1.085776,1.085894
2016-01-18,1.091906,1.092705,1.0876,1.092001
2016-01-19,1.089503,1.091,1.0862,1.089503
2016-01-20,1.091155,1.0976,1.089289,1.091298
2016-01-21,1.087701,1.0922,1.0782,1.087701
2016-01-22,1.086095,1.0864,1.079599,1.086201
2016-01-25,1.079902,1.085,1.079203,1.079902
2016-01-26,1.085376,1.088,1.082,1.085305
2016-01-27,1.086401,1.0912,1.085305,1.086496
2016-01-28,1.090405,1.095,1.087,1.090798
2016-01-29,1.093697,1.094715,1.082,1.093697
2016-02-01,1.082626,1.0912,1.082591,1.082591
2016-02-02,1.089895,1.094,1.089526,1.089728
2016-02-03,1.092204,1.1078,1.0906,1.092204
2016-02-04,1.1092,1.1238,1.1072,1.1091
2016-02-05,1.12,1.12171,1.111,1.12
2016-02-08,1.1147,1.119,1.1088,1.1145
2016-02-09,1.11909,1.1314,1.1164,1.11898
2016-02-10,1.129,1.1309,1.11663,1.129
2016-02-11,1.1284,1.1368,1.1276,1.1281
2016-02-12,1.13173,1.13338,1.123,1.1318
2016-02-15,1.1226,1.12395,1.113,1.1226
2016-02-16,1.11782,1.1192,1.113,1.11741
2016-02-17,1.1146,1.118,1.1108,1.1147
2016-02-18,1.1122,1.1152,1.1074,1.1123
2016-02-19,1.111,1.115,1.1068,1.1111
2016-02-22,1.1124,1.1125,1.1006,1.1124
2016-02-23,1.10271,1.1052,1.099199,1.1028
2016-02-24,1.1025,1.104,1.095999,1.10271
2016-02-25,1.10149,1.105,1.099199,1.10139
2016-02-26,1.1025,1.107,1.0926,1.1025
2016-02-29,1.092598,1.0962,1.0864,1.092395
2016-03-01,1.088696,1.089401,1.083801,1.088898
2016-03-02,1.087701,1.088,1.0826,1.087595
2016-03-03,1.087004,1.0938,1.0856,1.086897
2016-03-04,1.094799,1.104,1.0908,1.094895
2016-03-07,1.099396,1.099904,1.0942,1.099396
2016-03-08,1.10139,1.106,1.1006,1.1016
2016-03-09,1.10019,1.10152,1.094799,1.1004
2016-03-10,1.098696,1.116,1.082767,1.098901
2016-03-11,1.11791,1.121,1.10838,1.11784
2016-03-14,1.1163,1.1168,1.1096,1.11679
2016-03-15,1.1102,1.113,1.1074,1.1102
2016-03-16,1.111,1.1111,1.1058,1.1109
2016-03-17,1.12171,1.1344,1.1208,1.12189
2016-03-18,1.13154,1.1339,1.1258,1.1318
2016-03-21,1.1276,1.129,1.1238,1.1279
2016-03-22,1.1237,1.1262,1.11919,1.1236
2016-03-23,1.1223,1.1223,1.1166,1.1223
2016-03-24,1.11821,1.119,1.11496,1.11811
2016-03-25,1.11669,1.11771,1.11567,1.11679
2016-03-28,1.116,1.12181,1.11554,1.116
2016-03-29,1.1201,1.1224,1.117,1.12027
2016-03-30,1.12901,1.1362,1.1288,1.1292
2016-03-31,1.1334,1.141,1.1312,1.13347
2016-04-01,1.1379,1.1438,1.1342,1.13797
2016-04-04,1.13971,1.1412,1.136,1.139
2016-04-05,1.13871,1.14071,1.134,1.1389
2016-04-06,1.1381,1.1428,1.13314,1.1382
2016-04-07,1.13996,1.1453,1.134,1.1405
2016-04-08,1.13691,1.142,1.135,1.1374
2016-04-11,1.14071,1.145,1.13744,1.1403
2016-04-12,1.14121,1.1464,1.13531,1.14129
2016-04-13,1.1386,1.1393,1.1274,1.1385
2016-04-14,1.12801,1.1294,1.1236,1.1279
2016-04-15,1.12651,1.1318,1.12476,1.127
2016-04-18,1.1301,1.1332,1.1275,1.12999
2016-04-19,1.131,1.1386,1.13051,1.1309
2016-04-20,1.13589,1.1386,1.1322,1.13596
2016-04-21,1.13051,1.1394,1.1278,1.13051
2016-04-22,1.12931,1.1309,1.124,1.1292
2016-04-25,1.12331,1.1279,1.1227,1.12341
2016-04-26,1.12667,1.1339,1.1258,1.1269
2016-04-27,1.1298,1.134,1.1292,1.12991
2016-04-28,1.1328,1.1366,1.12991,1.1329
2016-04-29,1.1358,1.146,1.13559,1.13559
2016-05-02,1.1462,1.1528,1.14502,1.1463
2016-05-03,1.1526,1.1614,1.1504,1.1525
2016-05-04,1.15024,1.1528,1.147,1.1504
2016-05-05,1.14912,1.1496,1.139,1.14931
2016-05-06,1.1402,1.14718,1.13933,1.1406
2016-05-09,1.1388,1.143,1.1376,1.1388
2016-05-10,1.13837,1.1406,1.1362,1.1388
2016-05-11,1.1375,1.1446,1.1374,1.13744
2016-05-12,1.1426,1.14311,1.138,1.1427
2016-05-13,1.13753,1.13801,1.1284,1.1377
2016-05-16,1.1317,1.1344,1.13054,1.1317
2016-05-17,1.13161,1.1348,1.1304,1.13161
2016-05-18,1.13138,1.1317,1.126,1.13161
2016-05-19,1.1222,1.1231,1.1182,1.1223
2016-05-20,1.12016,1.124,1.1199,1.1206
2016-05-23,1.1221,1.1243,1.119,1.12217
2016-05-24,1.12171,1.123,1.1146,1.1216
2016-05-25,1.1137,1.1171,1.113,1.1138
2016-05-26,1.1157,1.122,1.1157,1.1159
2016-05-27,1.11929,1.1202,1.1126,1.11921
2016-05-30,1.1111,1.115,1.11,1.111
2016-05-31,1.115,1.1176,1.1122,1.11484
2016-06-01,1.1136,1.119,1.1117,1.1136
2016-06-02,1.11929,1.122,1.115,1.11891
2016-06-03,1.1154,1.135,1.1138,1.1152
2016-06-06,1.1351,1.138,1.13332,1.1351
2016-06-07,1.13647,1.138,1.13401,1.1364
2016-06-08,1.13565,1.142,1.13565,1.13578
2016-06-09,1.1406,1.1417,1.1308,1.14071
2016-06-10,1.1312,1.1324,1.1274,1.1315
2016-06-13,1.1241,1.1302,1.1237,1.124
2016-06-14,1.1288,1.12999,1.119,1.1291
2016-06-15,1.1213,1.126,1.11909,1.1213
2016-06-16,1.12613,1.13,1.1132,1.12627
2016-06-17,1.127,1.1296,1.1226,1.1252
2016-06-20,1.13491,1.1384,1.1308,1.13491
2016-06-21,1.13228,1.135,1.1244,1.1323
2016-06-22,1.1252,1.1335,1.12376,1.12506
2016-06-23,1.1328,1.1422,1.132,1.13282
2016-06-24,1.133,1.13352,1.091906,1.1324
2016-06-27,1.1035,1.10819,1.0974,1.10359
2016-06-28,1.1016,1.111,1.1015,1.1015
2016-06-29,1.1078,1.11281,1.10516,1.1074
2016-06-30,1.11259,1.1154,1.1054,1.11281
2016-07-01,1.11037,1.117,1.1074,1.11061
2016-07-04,1.1131,1.115,1.11,1.1131
2016-07-05,1.11455,1.118,1.1076,1.1146
2016-07-06,1.10644,1.109,1.1034,1.1065
2016-07-07,1.11,1.1108,1.1058,1.1099
2016-07-08,1.1065,1.1108,1.101,1.10657
2016-07-11,1.1047,1.1072,1.102,1.1044
2016-07-12,1.1058,1.1124,1.1054,1.1058
2016-07-13,1.10607,1.112,1.1044,1.10629
2016-07-14,1.10959,1.117,1.1092,1.1095
2016-07-15,1.11064,1.1157,1.10588,1.11061
2016-07-18,1.10553,1.109,1.10383,1.10531
2016-07-19,1.10714,1.10807,1.1002,1.10719
2016-07-20,1.10145,1.103,1.0984,1.10136
2016-07-21,1.10173,1.1058,1.098601,1.10195
2016-07-22,1.10331,1.104,1.0968,1.10329
2016-07-25,1.096924,1.0998,1.095362,1.097045
2016-07-26,1.098986,1.1024,1.098,1.099118
2016-07-27,1.098804,1.101,1.098286,1.09878
2016-07-28,1.10682,1.112,1.10608,1.10735
2016-07-29,1.10836,1.1196,1.1074,1.10844
2016-08-01,1.11678,1.1184,1.1156,1.11681
2016-08-02,1.11671,1.1232,1.11636,1.11681
2016-08-03,1.12186,1.122,1.1164,1.12191
2016-08-04,1.11524,1.11556,1.11178,1.11515
2016-08-05,1.11345,1.11615,1.10491,1.11347
2016-08-08,1.10877,1.1106,1.10737,1.10895
2016-08-09,1.10868,1.1122,1.1072,1.10836
2016-08-10,1.11182,1.12,1.11158,1.11158
2016-08-11,1.11861,1.11909,1.1138,1.11864
2016-08-12,1.1139,1.122,1.11326,1.11391
2016-08-15,1.11669,1.12057,1.11555,1.11669
2016-08-16,1.11844,1.13237,1.11794,1.11841
2016-08-17,1.1279,1.12943,1.1256,1.1276
2016-08-18,1.1302,1.13404,1.12961,1.12989
2016-08-19,1.13494,1.1352,1.1306,1.13494
2016-08-22,1.13007,1.13327,1.1274,1.12982
2016-08-23,1.13186,1.13572,1.131,1.13193
2016-08-24,1.13033,1.13135,1.1246,1.13008
2016-08-25,1.12625,1.13,1.12606,1.12638
2016-08-26,1.12892,1.13404,1.12347,1.12905
2016-08-29,1.1197,1.121,1.11607,1.11995
2016-08-30,1.11919,1.11928,1.114,1.11928
2016-08-31,1.11508,1.11645,1.11259,1.11532
2016-09-01,1.11582,1.12,1.113,1.11607
2016-09-02,1.12007,1.12511,1.1154,1.12007
2016-09-05,1.11607,1.11844,1.11413,1.1162
2016-09-06,1.1152,1.1254,1.11445,1.11532
2016-09-07,1.12486,1.12651,1.12328,1.12537
2016-09-08,1.1241,1.133,1.12385,1.1241
2016-09-09,1.12689,1.12867,1.1206,1.12714
2016-09-12,1.1241,1.12625,1.12147,1.12411
2016-09-13,1.12413,1.126,1.122,1.12435
2016-09-14,1.12196,1.12752,1.12145,1.12187
2016-09-15,1.12454,1.12816,1.1221,1.12473
2016-09-16,1.1248,1.12499,1.1156,1.12459
2016-09-19,1.11607,1.121,1.1154,1.11585
2016-09-20,1.11794,1.12133,1.1166,1.11807
2016-09-21,1.11557,1.11694,1.1126,1.1154
2016-09-22,1.11932,1.12587,1.11821,1.11932
2016-09-23,1.12095,1.123,1.1196,1.12101
2016-09-26,1.12397,1.1279,1.1222,1.12392
2016-09-27,1.12507,1.126,1.1194,1.12499
2016-09-28,1.12183,1.12372,1.1184,1.12196
2016-09-29,1.12246,1.125,1.11995,1.1225
2016-09-30,1.12221,1.125,1.1154,1.12196
2016-10-03,1.1236,1.12435,1.1206,1.12347
2016-10-04,1.12133,1.125,1.114,1.12104
2016-10-05,1.12108,1.124,1.1192,1.12108
2016-10-06,1.12082,1.1212,1.11495,1.12082
2016-10-07,1.11458,1.1202,1.1106,1.11445
2016-10-10,1.11954,1.1202,1.11508,1.1197
2016-10-11,1.11433,1.11433,1.1056,1.11408
2016-10-12,1.10619,1.10619,1.1006,1.10619
2016-10-13,1.10132,1.10485,1.098601,1.10119
2016-10-14,1.10497,1.10583,1.098539,1.10497
2016-10-17,1.096852,1.1012,1.096527,1.09678
2016-10-18,1.1012,1.1029,1.0972,1.10156
2016-10-19,1.097574,1.10047,1.0956,1.097695
2016-10-20,1.097574,1.1029,1.091601,1.097514
2016-10-21,1.093028,1.093135,1.086248,1.09304
2016-10-24,1.088495,1.0902,1.086048,1.088258
2016-10-25,1.087548,1.09,1.08534,1.087548
2016-10-26,1.08872,1.094811,1.087666,1.088732
2016-10-27,1.091107,1.094212,1.089396,1.091203
2016-10-28,1.090001,1.09529,1.089752,1.090037
2016-10-31,1.098418,1.098467,1.093924,1.098467
2016-11-01,1.097333,1.10509,1.096179,1.097333
2016-11-02,1.10595,1.11198,1.10516,1.10571
2016-11-03,1.10975,1.11284,1.10608,1.10975
2016-11-04,1.11025,1.11259,1.1084,1.11025
2016-11-07,1.10963,1.11123,1.10339,1.11012
2016-11-08,1.10505,1.10681,1.10306,1.10522
2016-11-09,1.10205,1.1302,1.093398,1.1019
2016-11-10,1.092037,1.09553,1.08661,1.092061
2016-11-11,1.088969,1.092538,1.0857,1.088969
2016-11-14,1.082603,1.087429,1.07108,1.082485
2016-11-15,1.074691,1.081666,1.07237,1.075038
2016-11-16,1.072616,1.076079,1.067122,1.072731
2016-11-17,1.070549,1.075038,1.066691,1.070664
2016-11-18,1.062473,1.064,1.057306,1.062304
2016-11-21,1.058537,1.0651,1.058425,1.058425
2016-11-22,1.063875,1.065871,1.058728,1.063886
2016-11-23,1.063411,1.064509,1.052964,1.063377
2016-11-24,1.05463,1.058761,1.052255,1.054519
2016-11-25,1.056412,1.062812,1.054107,1.056189
2016-11-28,1.061121,1.06849,1.056747,1.061233
2016-11-29,1.062022,1.0634,1.056859,1.062135
2016-11-30,1.064849,1.0667,1.0585,1.064849
2016-12-01,1.05921,1.063717,1.058761,1.05921
2016-12-02,1.066325,1.069176,1.0628,1.066314
2016-12-05,1.057083,1.074114,1.054185,1.058201
2016-12-06,1.075847,1.078516,1.0726,1.075732
2016-12-07,1.071926,1.0769,1.071352,1.072041
2016-12-08,1.076009,1.085658,1.061,1.076195
2016-12-09,1.062135,1.063151,1.053841,1.062135
2016-12-12,1.05463,1.062699,1.052742,1.054741
2016-12-13,1.064283,1.065303,1.06067,1.064169
2016-12-14,1.063038,1.066667,1.0615,1.062925
2016-12-15,1.051525,1.052521,1.040366,1.051414
2016-12-16,1.041775,1.04723,1.040366,1.041884
2016-12-19,1.044823,1.048196,1.041341,1.044998
2016-12-20,1.040475,1.041992,1.035518,1.040583
2016-12-21,1.039393,1.045151,1.03853,1.039047
2016-12-22,1.042753,1.049759,1.042753,1.042862
2016-12-23,1.04395,1.046792,1.04297,1.043765
2016-12-26,1.045588,1.047011,1.0446,1.045478
2016-12-27,1.045577,1.046134,1.043536,1.045697
2016-12-28,1.046244,1.048218,1.038745,1.046233
2016-12-29,1.041775,1.049098,1.041699,1.041699
2016-12-30,1.056904,1.059098,1.051,1.05753
2017-01-02,1.053075,1.054074,1.046572,1.052698
2017-01-03,1.045916,1.049208,1.034768,1.046003
2017-01-04,1.04184,1.047889,1.039134,1.041992
2017-01-05,1.049869,1.060895,1.048658,1.050089
2017-01-06,1.060558,1.060895,1.053963,1.060592
2017-01-09,1.053408,1.056078,1.051348,1.053186
2017-01-10,1.058761,1.062586,1.056189,1.058862
2017-01-11,1.055409,1.056747,1.045697,1.055242
2017-01-12,1.059659,1.068604,1.05753,1.059771
2017-01-13,1.061797,1.06678,1.06,1.061684
2017-01-16,1.062688,1.063343,1.058134,1.062869
2017-01-17,1.060389,1.0718,1.060142,1.060299
2017-01-18,1.069782,1.071467,1.065962,1.069679
2017-01-19,1.062948,1.06768,1.058974,1.062778
2017-01-20,1.066132,1.069519,1.062677,1.065973
2017-01-23,1.071146,1.075616,1.070836,1.071375
2017-01-24,1.075755,1.077284,1.072777,1.076079
2017-01-25,1.072789,1.076878,1.071214,1.072869
2017-01-26,1.0755,1.076658,1.067065,1.075199
2017-01-27,1.068285,1.072478,1.066053,1.068296
2017-01-30,1.071915,1.074033,1.06209,1.071398
2017-01-31,1.07071,1.081034,1.068604,1.070859
2017-02-01,1.080264,1.080847,1.073941,1.08038
2017-02-02,1.076844,1.082661,1.076739,1.076739
2017-02-03,1.076334,1.079715,1.072892,1.076171
2017-02-06,1.078341,1.078888,1.070664,1.078295
2017-02-07,1.074322,1.074345,1.065678,1.074322
2017-02-08,1.067897,1.070744,1.064215,1.067806
2017-02-09,1.06921,1.071008,1.065735,1.069221
2017-02-10,1.065689,1.066894,1.060985,1.065859
2017-02-13,1.061932,1.065803,1.059345,1.061954
2017-02-14,1.059917,1.063321,1.056178,1.05985
2017-02-15,1.057865,1.058795,1.052211,1.057832
2017-02-16,1.060187,1.067475,1.060052,1.060738
2017-02-17,1.066701,1.067692,1.062586,1.067225
2017-02-20,1.062677,1.063151,1.060524,1.062665
2017-02-21,1.06103,1.061256,1.052665,1.06094
2017-02-22,1.054218,1.055621,1.049681,1.054207
2017-02-23,1.055175,1.059502,1.053896,1.055409
2017-02-24,1.05847,1.061808,1.056625,1.058447
2017-02-27,1.055286,1.061458,1.055275,1.055275
2017-02-28,1.058279,1.062699,1.057664,1.058425
2017-03-01,1.056926,1.058806,1.051525,1.056915
2017-03-02,1.05363,1.054519,1.050045,1.053585
2017-03-03,1.050851,1.057373,1.050354,1.050972
2017-03-06,1.061875,1.063807,1.05782,1.062045
2017-03-07,1.058123,1.0604,1.056078,1.057921
2017-03-08,1.056893,1.05753,1.05373,1.057015
2017-03-09,1.054407,1.061402,1.052565,1.054741
2017-03-10,1.058134,1.066906,1.057843,1.057843
2017-03-13,1.068799,1.071582,1.065689,1.069004
2017-03-14,1.065201,1.066212,1.062744,1.065144
2017-03-15,1.061244,1.0641,1.061053,1.061244
2017-03-16,1.073791,1.074576,1.07071,1.073791
2017-03-17,1.077052,1.0783,1.072984,1.07747
2017-03-20,1.074229,1.0777,1.074229,1.074299
2017-03-21,1.073676,1.0819,1.073676,1.073768
2017-03-22,1.081128,1.082075,1.077656,1.081245
2017-03-23,1.07897,1.080497,1.077052,1.079016
2017-03-24,1.0784,1.081198,1.07616,1.078388
2017-03-27,1.084599,1.090489,1.083905,1.084952
2017-03-28,1.086272,1.087429,1.084693,1.086095
2017-03-29,1.081748,1.082649,1.074091,1.081771
2017-03-30,1.075998,1.0769,1.072191,1.075963
2017-03-31,1.068753,1.070091,1.067225,1.068707
2017-04-03,1.066815,1.068376,1.064373,1.066883
2017-04-04,1.067019,1.067464,1.063683,1.067008
2017-04-05,1.067954,1.068913,1.065405,1.068034
2017-04-06,1.067327,1.068399,1.063196,1.067247
2017-04-07,1.064305,1.066041,1.061166,1.064464
2017-04-10,1.058425,1.060783,1.057038,1.058201
2017-04-11,1.059782,1.062948,1.057921,1.05976
2017-04-12,1.060963,1.062383,1.059659,1.061132
2017-04-13,1.067156,1.067806,1.061177,1.067065
2017-04-14,1.061797,1.063151,1.060704,1.061639
2017-04-17,1.061121,1.066985,1.060974,1.061053
2017-04-18,1.064385,1.070859,1.063796,1.064453
2017-04-19,1.072835,1.073653,1.07016,1.072869
2017-04-20,1.07149,1.077819,1.071065,1.071501
2017-04-21,1.071329,1.073756,1.068707,1.07149
2017-04-24,1.087536,1.0878,1.082169,1.087394
2017-04-25,1.086768,1.094092,1.085199,1.086484
2017-04-26,1.092848,1.095074,1.086071,1.092825
2017-04-27,1.090929,1.093075,1.085258,1.090893
2017-04-28,1.086673,1.094811,1.085824,1.086425
2017-05-01,1.090608,1.092538,1.088542,1.09075
2017-05-02,1.090965,1.092538,1.08891,1.090893
2017-05-03,1.093565,1.093972,1.090572,1.093565
2017-05-04,1.088874,1.096852,1.08763,1.088898
2017-05-05,1.098141,1.099989,1.095326,1.098153
2017-05-08,1.096696,1.099626,1.091953,1.096515
2017-05-09,1.092729,1.0934,1.087264,1.092777
2017-05-10,1.088696,1.090037,1.085941,1.088684
2017-05-11,1.086673,1.0892,1.083999,1.087075
2017-05-12,1.086602,1.093374,1.085765,1.086496
2017-05-15,1.092801,1.099,1.092323,1.092729
2017-05-16,1.098068,1.10893,1.09796,1.098177
2017-05-17,1.10957,1.11503,1.10832,1.1094
2017-05-18,1.11542,1.11721,1.11049,1.11564
2017-05-19,1.11109,1.11982,1.11008,1.11136
2017-05-22,1.12023,1.12633,1.11623,1.12049
2017-05-23,1.12371,1.12667,1.11963,1.12389
2017-05-24,1.11809,1.12025,1.11694,1.11793
2017-05-25,1.12312,1.1251,1.11956,1.12309
2017-05-26,1.12106,1.1232,1.11635,1.12108
2017-05-29,1.11752,1.11907,1.1163,1.11761
2017-05-30,1.11294,1.12016,1.11107,1.1129
2017-05-31,1.11737,1.12523,1.11658,1.11717
2017-06-01,1.12382,1.12572,1.12031,1.12435
2017-06-02,1.12133,1.12815,1.12062,1.12158
2017-06-05,1.12755,1.12808,1.12362,1.12808
2017-06-06,1.12582,1.1279,1.12413,1.12568
2017-06-07,1.12705,1.12799,1.12052,1.12714
2017-06-08,1.12547,1.12701,1.11965,1.12552
2017-06-09,1.11932,1.12171,1.11678,1.11848
2017-06-12,1.12023,1.1231,1.11941,1.1202
2017-06-13,1.11991,1.12252,1.11858,1.11962
2017-06-14,1.12108,1.12951,1.11986,1.12089
2017-06-15,1.12162,1.12284,1.11336,1.12158
2017-06-16,1.11474,1.11997,1.11391,1.11469
2017-06-19,1.12034,1.12133,1.11598,1.12082
2017-06-20,1.11447,1.1166,1.11209,1.11445
2017-06-21,1.11364,1.11545,1.11287,1.1137
2017-06-22,1.11684,1.11782,1.11472,1.11672
2017-06-23,1.11498,1.12086,1.11463,1.11496
2017-06-26,1.11997,1.12187,1.11726,1.11988
2017-06-27,1.11807,1.13302,1.11806,1.11836
2017-06-28,1.13368,1.1388,1.12973,1.13392
2017-06-29,1.1378,1.14351,1.1378,1.13827
2017-06-30,1.14405,1.1445,1.13929,1.14416
2017-07-03,1.1425,1.1426,1.13569,1.14231
2017-07-04,1.13753,1.13792,1.13379,1.13714
2017-07-05,1.13599,1.13688,1.1315,1.13602
2017-07-06,1.13449,1.1409,1.13307,1.13469
2017-07-07,1.14213,1.14382,1.13829,1.14248
2017-07-10,1.14064,1.14173,1.1383,1.14038
2017-07-12,1.14739,1.1491,1.13948,1.14739
2017-07-13,1.1419,1.14553,1.13726,1.14189
2017-07-14,1.14039,1.14668,1.13924,1.14039
2017-07-17,1.14751,1.14873,1.14363,1.14754
2017-07-18,1.14734,1.15848,1.14724,1.14743
2017-07-19,1.15496,1.15532,1.15107,1.15497
2017-07-20,1.15288,1.165,1.14801,1.15284
2017-07-21,1.1628,1.16752,1.16202,1.16287
2017-07-24,1.16816,1.16817,1.16317,1.16817
2017-07-25,1.16389,1.17069,1.16316,1.16389
2017-07-26,1.16433,1.1655,1.16158,1.16446
2017-07-27,1.17303,1.1775,1.16549,1.1728
2017-07-28,1.169,1.17633,1.16726,1.16887
2017-07-31,1.17469,1.18247,1.17237,1.17473
2017-08-01,1.18235,1.18375,1.17911,1.18241
2017-08-02,1.18093,1.18676,1.1795,1.18113
2017-08-03,1.18514,1.18948,1.1834,1.18511
2017-08-04,1.18878,1.1891,1.1737,1.1885
2017-08-07,1.17777,1.18125,1.17777,1.17784
2017-08-08,1.18002,1.18245,1.17187,1.18009
2017-08-09,1.17534,1.17603,1.16924,1.17546
2017-08-10,1.17647,1.17647,1.17047,1.17615
2017-08-11,1.177,1.18318,1.17492,1.17702
2017-08-14,1.18263,1.184,1.17733,1.18255
2017-08-15,1.1777,1.17925,1.1689,1.17758
2017-08-16,1.17398,1.17575,1.16836,1.17412
2017-08-17,1.17743,1.17902,1.1667,1.17743
2017-08-18,1.17173,1.17682,1.17122,1.17155
2017-08-21,1.17572,1.18247,1.17319,1.17563
2017-08-22,1.18118,1.18259,1.17465,1.1812
2017-08-23,1.17608,1.18187,1.17436,1.17622
2017-08-24,1.18164,1.18189,1.17852,1.18166
2017-08-25,1.17983,1.18842,1.17748,1.18022
2017-08-28,1.19514,1.1976,1.19178,1.19519
2017-08-29,1.19652,1.20669,1.1963,1.19639
2017-08-30,1.19703,1.19861,1.18967,1.19705
2017-08-31,1.189,1.19082,1.18244,1.18934
2017-09-01,1.19109,1.19786,1.18511,1.19104
2017-09-04,1.18826,1.19232,1.18794,1.18828
2017-09-05,1.18944,1.19382,1.18704,1.18934
2017-09-06,1.19236,1.19493,1.19038,1.19241
2017-09-07,1.19275,1.20569,1.19157,1.19278
2017-09-08,1.20286,1.20934,1.20189,1.20291
2017-09-11,1.20153,1.20294,1.19624,1.20176
2017-09-12,1.19586,1.19775,1.19275,1.19594
2017-09-13,1.19716,1.1996,1.18857,1.19746
2017-09-14,1.18905,1.191,1.18457,1.18906
2017-09-15,1.19228,1.19855,1.19024,1.19217
2017-09-18,1.19374,1.19689,1.19168,1.19372
2017-09-19,1.19617,1.20054,1.19593,1.19593
2017-09-20,1.19929,1.20192,1.19867,1.19926
2017-09-21,1.1873,1.19536,1.18662,1.18721
2017-09-22,1.19449,1.20025,1.19406,1.19456
2017-09-25,1.19268,1.19389,1.18519,1.19272
2017-09-26,1.18556,1.18638,1.17653,1.18556
2017-09-27,1.17813,1.17952,1.17192,1.17861
2017-09-28,1.17505,1.18028,1.1722,1.17496
2017-09-29,1.17806,1.18319,1.17733,1.17818
2017-10-02,1.18076,1.18076,1.17312,1.18074
2017-10-03,1.17332,1.17716,1.16974,1.17338
2017-10-04,1.17478,1.17868,1.17474,1.17476
2017-10-05,1.1757,1.17799,1.17038,1.17572
2017-10-06,1.1714,1.17387,1.16713,1.17123
2017-10-09,1.17429,1.17509,1.1721,1.17425
2017-10-10,1.17419,1.18177,1.17416,1.17416
2017-10-11,1.1814,1.1858,1.17963,1.18149
2017-10-12,1.18654,1.18807,1.18318,1.18655
2017-10-13,1.18314,1.18744,1.18062,1.18318
2017-10-16,1.1815,1.1821,1.17811,1.1814
2017-10-17,1.17951,1.17951,1.17386,1.17945
2017-10-18,1.17729,1.17798,1.17323,1.17719
2017-10-19,1.17936,1.18572,1.177,1.17952
2017-10-20,1.1852,1.1858,1.1765,1.18481
2017-10-23,1.17547,1.1779,1.17341,1.17536
2017-10-24,1.17553,1.17772,1.17438,1.17592
2017-10-25,1.17599,1.18175,1.17538,1.1759
2017-10-26,1.18221,1.18356,1.16922,1.18208
2017-10-27,1.1639,1.16442,1.15759,1.16372
2017-10-30,1.16073,1.16428,1.15981,1.16046
2017-10-31,1.16499,1.1659,1.16256,1.16527
2017-11-01,1.16516,1.16575,1.16083,1.16518
2017-11-02,1.16291,1.16873,1.16287,1.16287
2017-11-03,1.16632,1.16867,1.16052,1.16618
2017-11-06,1.16153,1.16266,1.15828,1.16149
2017-11-07,1.16118,1.16171,1.15559,1.16126
2017-11-08,1.16025,1.16095,1.15812,1.16011
2017-11-09,1.15955,1.16526,1.15864,1.15969
2017-11-10,1.16452,1.16752,1.1624,1.16469
2017-11-13,1.16611,1.16752,1.16387,1.16611
2017-11-14,1.16649,1.17741,1.16633,1.16649
2017-11-15,1.17918,1.18594,1.17861,1.17929
2017-11-17,1.17773,1.18217,1.17747,1.17775
2017-11-20,1.17321,1.18075,1.17259,1.17319
2017-11-21,1.17387,1.17567,1.17155,1.17412
2017-11-22,1.17409,1.17982,1.17356,1.17372
2017-11-23,1.18152,1.1855,1.18145,1.18147
2017-11-24,1.18509,1.19437,1.18373,1.1854
2017-11-27,1.19288,1.19604,1.19082,1.19265
2017-11-28,1.19041,1.1921,1.18675,1.19049
2017-11-29,1.18497,1.1885,1.18201,1.18481
2017-11-30,1.185,1.19298,1.1815,1.1852
2017-12-01,1.18991,1.19399,1.18521,1.18982
2017-12-04,1.18571,1.18787,1.18312,1.18599
2017-12-05,1.18686,1.18793,1.18089,1.18677
2017-12-06,1.18305,1.18483,1.17813,1.18329
2017-12-07,1.1805,1.18092,1.17772,1.18043
2017-12-08,1.17744,1.17772,1.17319,1.17722
2017-12-11,1.17693,1.18104,1.17689,1.177
2017-12-12,1.17772,1.1793,1.17189,1.17776
2017-12-13,1.17436,1.17702,1.17305,1.17426
2017-12-14,1.18399,1.18599,1.17716,1.18359
2017-12-15,1.17752,1.1814,1.17617,1.1775
2017-12-18,1.17467,1.18343,1.17432,1.17436
2017-12-19,1.17829,1.18329,1.1777,1.17843
2017-12-20,1.18371,1.19012,1.18301,1.18413
2017-12-21,1.18778,1.1892,1.18502,1.18782
2017-12-22,1.18516,1.1862,1.18175,1.18573
2017-12-25,1.18568,1.1885,1.1849,1.18561
2017-12-26,1.18713,1.18779,1.18475,1.18725
2017-12-27,1.1861,1.19104,1.18556,1.18579
2017-12-28,1.19002,1.1955,1.18982,1.19008
2017-12-29,1.19399,1.20228,1.1938,1.19417
2018-01-01,1.20049,1.2015,1.1999,1.20049
2018-01-02,1.20109,1.20809,1.20086,1.20116
2018-01-03,1.2062,1.20671,1.20049,1.20635
2018-01-04,1.20113,1.20919,1.20049,1.20104
2018-01-05,1.20662,1.20846,1.20215,1.20688
2018-01-08,1.20395,1.2054,1.19597,1.20375
2018-01-09,1.19696,1.19758,1.1918,1.19705
2018-01-10,1.19293,1.20163,1.19245,1.19293
2018-01-11,1.19549,1.20592,1.19312,1.19561
2018-01-12,1.20421,1.21561,1.20414,1.20421
2018-01-15,1.2193,1.2299,1.21881,1.21923
2018-01-16,1.22699,1.22812,1.21968,1.22684
2018-01-17,1.22714,1.23215,1.21991,1.22713
2018-01-18,1.21815,1.22626,1.21751,1.2184
2018-01-19,1.22359,1.22948,1.22203,1.22366
2018-01-22,1.2256,1.22666,1.22146,1.22555
2018-01-23,1.22573,1.2307,1.22236,1.22563
2018-01-24,1.23097,1.2402,1.22951,1.23103
2018-01-25,1.2396,1.25299,1.23865,1.23911
2018-01-26,1.23923,1.24902,1.23874,1.23923
2018-01-29,1.24282,1.24319,1.23381,1.24281
2018-01-30,1.23818,1.24522,1.23368,1.23811
2018-01-31,1.24083,1.24766,1.24006,1.24096
2018-02-01,1.24174,1.24878,1.23865,1.24187
2018-02-02,1.25127,1.2518,1.24119,1.251
2018-02-05,1.24471,1.24782,1.24016,1.24469
2018-02-06,1.23683,1.24285,1.23162,1.23678
2018-02-07,1.23814,1.24033,1.22785,1.23813
2018-02-08,1.22684,1.22945,1.22166,1.22681
2018-02-09,1.22608,1.22855,1.22264,1.22608
2018-02-12,1.22534,1.22971,1.22363,1.22528
2018-02-13,1.23012,1.2372,1.22861,1.23038
2018-02-14,1.2353,1.24162,1.22785,1.23538
2018-02-15,1.24671,1.2512,1.24505,1.24673
2018-02-16,1.25073,1.25581,1.24305,1.25036
2018-02-19,1.24119,1.2438,1.2371,1.24119
2018-02-20,1.23991,1.24091,1.23219,1.23986
2018-02-21,1.23355,1.2347,1.23007,1.23353
2018-02-22,1.22803,1.23533,1.22617,1.22818
2018-02-23,1.2326,1.2335,1.22805,1.23267
2018-02-26,1.22883,1.23548,1.22824,1.22871
2018-02-27,1.2316,1.23457,1.22231,1.23156
2018-02-28,1.22221,1.22429,1.21892,1.22303
2018-03-01,1.2191,1.22218,1.2158,1.21913
2018-03-02,1.22713,1.23305,1.22528,1.22708
2018-03-05,1.23185,1.23483,1.22755,1.23154
2018-03-06,1.23378,1.24199,1.23312,1.23365
2018-03-07,1.24193,1.24406,1.2386,1.24167
2018-03-08,1.24162,1.24448,1.23063,1.24146
2018-03-09,1.23078,1.23338,1.22755,1.23066
2018-03-12,1.23086,1.2342,1.22914,1.23088
2018-03-13,1.23387,1.23989,1.2315,1.23396
2018-03-14,1.2393,1.24162,1.23501,1.23923
2018-03-15,1.23753,1.2387,1.23207,1.23756
2018-03-16,1.23077,1.2335,1.22615,1.23092
2018-03-19,1.22808,1.23324,1.22605,1.22808
2018-03-20,1.23381,1.23542,1.2265,1.23368
2018-03-21,1.22481,1.22962,1.2247,1.22519
2018-03-22,1.23487,1.23868,1.23004,1.23477
2018-03-23,1.2326,1.23602,1.232,1.2325
2018-03-26,1.23539,1.2449,1.23524,1.23544
2018-03-27,1.2455,1.24782,1.23733,1.24575
2018-03-28,1.2408,1.24224,1.23371,1.24079
2018-03-29,1.23128,1.23381,1.22852,1.23103
2018-03-30,1.23025,1.23335,1.2298,1.23028
2018-04-02,1.23128,1.23457,1.22838,1.23142
2018-04-03,1.22933,1.2337,1.22551,1.22927
2018-04-04,1.22794,1.23106,1.22576,1.22785
2018-04-05,1.22879,1.22911,1.22194,1.22868
2018-04-06,1.2251,1.228,1.22181,1.22516
2018-04-09,1.22714,1.23305,1.22626,1.22714
2018-04-10,1.23223,1.23778,1.23038,1.23224
2018-04-11,1.23638,1.23937,1.23541,1.23631
2018-04-12,1.23762,1.23798,1.23004,1.23716
2018-04-13,1.23335,1.23487,1.23088,1.23297
2018-04-16,1.2333,1.2394,1.23264,1.23326
2018-04-17,1.23847,1.2415,1.23384,1.23851
2018-04-18,1.2373,1.2397,1.23445,1.23732
2018-04-19,1.23785,1.2402,1.23305,1.23791
2018-04-20,1.23442,1.23527,1.22551,1.23455
2018-04-23,1.22739,1.22897,1.22122,1.22734
2018-04-24,1.22112,1.22347,1.21849,1.2209
2018-04-25,1.22362,1.22414,1.2169,1.22414
2018-04-26,1.21708,1.221,1.20998,1.21717
2018-04-27,1.21076,1.2117,1.2056,1.21096
2018-04-30,1.21286,1.21386,1.20664,1.21228
2018-05-01,1.20831,1.20846,1.19835,1.20812
2018-05-02,1.19921,1.20311,1.19541,1.19916
2018-05-03,1.19517,1.20091,1.19507,1.1951
2018-05-04,1.19893,1.19976,1.19148,1.19893
2018-05-07,1.19557,1.19789,1.18995,1.1955
2018-05-08,1.19326,1.19389,1.18394,1.19337
2018-05-09,1.18668,1.18961,1.18235,1.18679
2018-05-10,1.18476,1.19424,1.18447,1.18472
2018-05-11,1.19153,1.19679,1.18934,1.19175
2018-05-14,1.19516,1.1997,1.19516,1.19521
2018-05-15,1.1932,1.19403,1.1824,1.19312
2018-05-16,1.18226,1.1854,1.17657,1.18209
2018-05-17,1.18142,1.18368,1.17786,1.1817
2018-05-18,1.1792,1.18223,1.17505,1.17952
2018-05-21,1.17637,1.1779,1.17187,1.17666
2018-05-22,1.17888,1.18282,1.17594,1.17925
2018-05-23,1.17897,1.1791,1.16862,1.17886
2018-05-24,1.17071,1.17494,1.16922,1.17102
2018-05-25,1.17232,1.17332,1.16484,1.17226
2018-05-28,1.16876,1.17302,1.16085,1.16889
2018-05-29,1.16275,1.16398,1.15144,1.1627
2018-05-30,1.15376,1.1671,1.15201,1.15393
2018-05-31,1.16662,1.1724,1.16429,1.16673
2018-06-01,1.16933,1.17155,1.16299,1.16932
2018-06-04,1.167,1.17443,1.16686,1.16686
2018-06-05,1.17018,1.17139,1.16553,1.17006
2018-06-06,1.17266,1.1797,1.17147,1.17262
2018-06-07,1.1784,1.1841,1.17836,1.17855
2018-06-08,1.17938,1.1812,1.17284,1.17952
2018-06-11,1.17869,1.18203,1.17761,1.1784
2018-06-12,1.17733,1.18085,1.17432,1.17741
2018-06-13,1.17476,1.17897,1.17336,1.17483
2018-06-14,1.18064,1.18416,1.16289,1.18078
2018-06-15,1.15634,1.16266,1.15453,1.15666
2018-06-18,1.1597,1.16237,1.15664,1.1596
2018-06-19,1.16301,1.16469,1.15332,1.16307
2018-06-20,1.15894,1.16001,1.1546,1.15886
2018-06-21,1.1577,1.16283,1.15141,1.1579
2018-06-22,1.1607,1.1676,1.16017,1.16058
2018-06-25,1.16606,1.17,1.16299,1.16614
2018-06-26,1.17018,1.17206,1.1652,1.17027
2018-06-27,1.16481,1.16719,1.15836,1.16503
2018-06-28,1.15624,1.1597,1.1528,1.15636
2018-06-29,1.15644,1.16824,1.1563,1.1563
2018-07-02,1.16784,1.16786,1.15926,1.16786
2018-07-03,1.16408,1.16754,1.16226,1.16421
2018-07-04,1.16594,1.16818,1.16314,1.16592
2018-07-05,1.16618,1.17198,1.16508,1.16624
2018-07-06,1.16939,1.17673,1.16807,1.16959
2018-07-09,1.17517,1.17908,1.17429,1.17523
2018-07-10,1.17575,1.17629,1.16919,1.1757
2018-07-11,1.17303,1.17552,1.16984,1.1727
2018-07-12,1.16757,1.1697,1.16505,1.16768
2018-07-13,1.16637,1.16754,1.16145,1.16659
2018-07-16,1.1679,1.17261,1.16767,1.16791
2018-07-17,1.17106,1.17454,1.16645,1.17095
2018-07-18,1.16577,1.16653,1.16038,1.16532
2018-07-19,1.16462,1.1657,1.15759,1.16456
2018-07-20,1.16547,1.17224,1.1628,1.16551
2018-07-23,1.17418,1.17509,1.16887,1.17419
2018-07-24,1.16986,1.17166,1.16572,1.16941
2018-07-25,1.16877,1.17137,1.16675,1.16855
2018-07-26,1.17398,1.17432,1.16509,1.17375
2018-07-27,1.16446,1.16632,1.16237,1.16429
2018-07-30,1.16632,1.17192,1.16494,1.16604
2018-07-31,1.17086,1.17481,1.16928,1.17074
2018-08-01,1.16896,1.16986,1.16653,1.16896
2018-08-02,1.16638,1.167,1.16042,1.16659
2018-08-03,1.15856,1.1612,1.15622,1.1586
2018-08-06,1.15614,1.15701,1.1531,1.15623
2018-08-07,1.15575,1.1609,1.1552,1.1558
2018-08-08,1.16034,1.16293,1.15746,1.16029
2018-08-09,1.16101,1.16212,1.15618,1.16108
2018-08-10,1.15287,1.15393,1.13961,1.15239
2018-08-13,1.13959,1.14338,1.1366,1.13947
2018-08-14,1.13985,1.1431,1.13475,1.14025
2018-08-15,1.13482,1.13494,1.13022,1.13457
2018-08-16,1.13443,1.14084,1.13384,1.13443
2018-08-17,1.13723,1.1422,1.13674,1.13714
2018-08-20,1.14379,1.14494,1.13952,1.14377
2018-08-21,1.14891,1.15391,1.14866,1.14913
2018-08-22,1.15764,1.16252,1.15544,1.15768
2018-08-23,1.15863,1.15896,1.15452,1.15848
2018-08-24,1.15428,1.1637,1.15393,1.15433
2018-08-27,1.16444,1.16809,1.15972,1.16489
2018-08-28,1.16835,1.1733,1.16634,1.16836
2018-08-29,1.1693,1.17063,1.1654,1.16913
2018-08-30,1.17093,1.17176,1.16442,1.17097
2018-08-31,1.16659,1.16893,1.15965,1.16647
2018-09-03,1.15985,1.16279,1.1591,1.16011
2018-09-04,1.16131,1.16158,1.15332,1.16155
2018-09-05,1.1588,1.16326,1.15468,1.15865
2018-09-06,1.16349,1.16562,1.16077,1.16352
2018-09-07,1.16239,1.16509,1.15639,1.16201
2018-09-10,1.1559,1.16144,1.15276,1.15611
2018-09-11,1.15934,1.16428,1.15668,1.1596
2018-09-12,1.1596,1.16482,1.15709,1.15961
2018-09-13,1.16266,1.17008,1.16097,1.16293
2018-09-14,1.16904,1.17213,1.16557,1.16918
2018-09-17,1.16236,1.16959,1.16236,1.1629
2018-09-18,1.16692,1.17204,1.16692,1.16692
2018-09-19,1.16788,1.17165,1.16534,1.16799
2018-09-20,1.16741,1.1777,1.16728,1.16746
2018-09-21,1.17761,1.18016,1.17357,1.17759
2018-09-24,1.1751,1.1815,1.17253,1.1751
2018-09-25,1.17532,1.17925,1.17325,1.1753
2018-09-26,1.17661,1.1777,1.1729,1.17632
2018-09-27,1.17472,1.17592,1.16645,1.17485
2018-09-28,1.16368,1.1653,1.15706,1.16374
2018-10-01,1.1605,1.16213,1.15651,1.16054
2018-10-02,1.15776,1.15821,1.15067,1.15776
2018-10-03,1.15504,1.15933,1.15164,1.15517
2018-10-04,1.14774,1.1536,1.14646,1.14763
2018-10-05,1.15176,1.15425,1.14878,1.15181
2018-10-08,1.15239,1.15314,1.14609,1.15226
2018-10-09,1.14946,1.15048,1.14333,1.14941
2018-10-10,1.1504,1.1542,1.14807,1.15069
2018-10-11,1.15322,1.15976,1.15322,1.15334
2018-10-12,1.15904,1.16095,1.1537,1.15904
2018-10-15,1.15509,1.16056,1.15436,1.15513
2018-10-16,1.15833,1.16201,1.15671,1.15835
2018-10-17,1.15764,1.15821,1.15218,1.15753
2018-10-18,1.15009,1.15274,1.14829,1.15009
2018-10-19,1.14551,1.15145,1.14337,1.146
2018-10-22,1.15112,1.1552,1.14624,1.15095
2018-10-23,1.14647,1.14898,1.14399,1.14679
2018-10-24,1.14726,1.14758,1.13841,1.14732
2018-10-25,1.13987,1.14308,1.13662,1.13993
2018-10-26,1.13751,1.13985,1.13362,1.13779
2018-10-29,1.13987,1.14158,1.13644,1.13987
2018-10-30,1.13751,1.13871,1.13474,1.13762
2018-10-31,1.13458,1.13602,1.13117,1.13464
2018-11-01,1.13139,1.14132,1.13138,1.13167
2018-11-02,1.14028,1.14554,1.13757,1.14033
2018-11-05,1.13971,1.14064,1.13552,1.13976
2018-11-06,1.14086,1.14381,1.13933,1.14129
2018-11-07,1.1441,1.14999,1.14006,1.14385
2018-11-08,1.14333,1.14443,1.14051,1.14341
2018-11-09,1.13685,1.13692,1.1325,1.13684
2018-11-12,1.13248,1.13327,1.12416,1.1325
2018-11-13,1.12241,1.12919,1.12232,1.12334
2018-11-14,1.13161,1.13397,1.12648,1.13112
2018-11-15,1.13136,1.13511,1.1275,1.13118
2018-11-16,1.13253,1.14142,1.13226,1.13249
2018-11-19,1.14121,1.14629,1.13945,1.1414
2018-11-20,1.14548,1.14728,1.13871,1.1455
2018-11-21,1.13727,1.1422,1.13663,1.13724
2018-11-22,1.13889,1.14341,1.13863,1.13884
2018-11-23,1.14026,1.14194,1.13323,1.14032
2018-11-26,1.13389,1.13836,1.13273,1.13374
2018-11-27,1.13343,1.13449,1.12794,1.13334
2018-11-28,1.12971,1.1308,1.12677,1.12988
2018-11-29,1.13666,1.14015,1.13496,1.13685
2018-11-30,1.13928,1.14012,1.13148,1.13928
2018-12-03,1.13419,1.13801,1.13217,1.13422
2018-12-04,1.13559,1.14177,1.13433,1.13549
2018-12-05,1.13437,1.13603,1.1315,1.13429
2018-12-06,1.13473,1.14123,1.13234,1.13491
2018-12-07,1.13768,1.14107,1.13613,1.13748
2018-12-10,1.14038,1.14456,1.13623,1.14009
2018-12-11,1.1355,1.13994,1.13076,1.13565
2018-12-12,1.13228,1.13804,1.13162,1.13231
2018-12-13,1.13727,1.13925,1.13336,1.13735
2018-12-14,1.13632,1.13662,1.12708,1.13636
2018-12-17,1.13067,1.1354,1.13048,1.13059
2018-12-18,1.135,1.1403,1.13386,1.13498
2018-12-19,1.13757,1.14397,1.13754,1.13754
2018-12-20,1.13878,1.14849,1.13784,1.13895
2018-12-21,1.14578,1.14745,1.13878,1.14569
2018-12-24,1.1372,1.14384,1.1372,1.13728
2018-12-25,1.14051,1.1422,1.13701,1.14039
2018-12-26,1.14134,1.14194,1.13762,1.14155
2018-12-27,1.13636,1.14343,1.13591,1.13613
2018-12-28,1.14309,1.14732,1.14309,1.14311
2018-12-31,1.14389,1.14659,1.14223,1.14399
2019-01-01,1.14943,1.155,1.1465,1.14931
2019-01-02,1.14613,1.1497,1.13457,1.14617
2019-01-03,1.13173,1.14091,1.13173,1.13181
2019-01-04,1.13909,1.14177,1.13482,1.13911
2019-01-07,1.14129,1.14745,1.14052,1.14104
2019-01-08,1.14793,1.14863,1.14247,1.14797
2019-01-09,1.14572,1.15401,1.14416,1.14561
2019-01-10,1.15552,1.15714,1.15115,1.15549
2019-01-11,1.15152,1.1539,1.14597,1.15101
2019-01-14,1.14628,1.14837,1.14516,1.14601
2019-01-15,1.14732,1.14916,1.13862,1.14729
2019-01-16,1.14141,1.14223,1.13789,1.14168
2019-01-17,1.1399,1.14077,1.13724,1.13981
2019-01-18,1.13919,1.14103,1.13542,1.13926
2019-01-21,1.13654,1.13882,1.1358,1.13656
2019-01-22,1.13696,1.13753,1.13368,1.13693
2019-01-23,1.13638,1.13932,1.13516,1.1364
2019-01-24,1.13871,1.13934,1.13132,1.13882
2019-01-25,1.13099,1.14116,1.13058,1.13135
2019-01-28,1.14127,1.14456,1.13909,1.1413
2019-01-29,1.14297,1.14506,1.14117,1.143
2019-01-30,1.14351,1.14503,1.14086,1.14354
2019-01-31,1.14855,1.15137,1.14506,1.14877
2019-02-01,1.14508,1.14884,1.14351,1.14495
2019-02-04,1.14572,1.14626,1.14254,1.14553
2019-02-05,1.14358,1.1443,1.14033,1.14363
2019-02-06,1.14088,1.1411,1.13754,1.14099
2019-02-07,1.13663,1.13701,1.13261,1.1366
2019-02-08,1.13399,1.1351,1.13218,1.13388
2019-02-11,1.13243,1.13314,1.12734,1.13243
2019-02-12,1.12803,1.13199,1.12589,1.1279
2019-02-13,1.13327,1.13443,1.12829,1.13347
2019-02-14,1.12641,1.13083,1.12506,1.12649
2019-02-15,1.12947,1.12982,1.12349,1.12954
2019-02-18,1.12948,1.13341,1.12948,1.1298
2019-02-19,1.13121,1.13419,1.1277,1.1312
2019-02-20,1.1343,1.13696,1.13259,1.1343
2019-02-21,1.13464,1.13658,1.13226,1.13464
2019-02-22,1.13398,1.13558,1.13187,1.1343
2019-02-25,1.13402,1.13675,1.1338,1.13422
2019-02-26,1.13662,1.13786,1.13465,1.13675
2019-02-27,1.13942,1.14038,1.13639,1.13932
2019-02-28,1.13779,1.1422,1.13608,1.13802
2019-03-01,1.13726,1.14089,1.13543,1.13735
2019-03-04,1.13753,1.13759,1.13106,1.13759
2019-03-05,1.13383,1.13392,1.12932,1.13374
2019-03-06,1.13062,1.1325,1.12917,1.13071
2019-03-07,1.13125,1.13199,1.12088,1.1314
2019-03-08,1.1202,1.12445,1.11861,1.11983
2019-03-11,1.1231,1.12575,1.12226,1.12324
2019-03-12,1.12589,1.12943,1.12502,1.12592
2019-03-13,1.12868,1.13138,1.1279,1.12874
2019-03-14,1.13329,1.13359,1.12947,1.13311
2019-03-15,1.13076,1.1343,1.13022,1.13084
2019-03-18,1.13199,1.13598,1.12347,1.13198
2019-03-19,1.13356,1.13636,1.13343,1.13362
2019-03-20,1.13531,1.13675,1.13365,1.13549
2019-03-21,1.143,1.14399,1.13551,1.14279
2019-03-22,1.1374,1.13921,1.12756,1.1375
2019-03-25,1.12961,1.13317,1.12905,1.12959
2019-03-26,1.13145,1.13289,1.12796,1.13158
2019-03-27,1.12745,1.12855,1.12427,1.12748
2019-03-28,1.12514,1.1263,1.12152,1.12518
2019-03-29,1.12295,1.12461,1.12109,1.123
2019-04-01,1.12235,1.12502,1.12099,1.12238
2019-04-02,1.1206,1.1214,1.11846,1.12057
2019-04-03,1.12029,1.1255,1.12025,1.12039
2019-04-04,1.12453,1.12499,1.12093,1.12469
2019-04-05,1.12246,1.12415,1.12116,1.12259
2019-04-08,1.12221,1.12741,1.12155,1.12196
2019-04-09,1.12564,1.1288,1.12564,1.12564
2019-04-10,1.12649,1.12829,1.1231,1.1267
2019-04-11,1.12761,1.12874,1.12561,1.12765
2019-04-12,1.12594,1.1325,1.12583,1.12608
2019-04-15,1.13037,1.13225,1.12994,1.13051
2019-04-16,1.13044,1.1315,1.1286,1.13049
2019-04-17,1.12852,1.13237,1.12818,1.1285
2019-04-18,1.13007,1.1306,1.12377,1.12971
2019-04-19,1.12361,1.12511,1.12331,1.1236
2019-04-22,1.12445,1.12638,1.12367,1.12445
2019-04-23,1.12589,1.12613,1.11934,1.1259
2019-04-24,1.12245,1.12246,1.11831,1.12244
2019-04-25,1.1157,1.1164,1.11217,1.11535
2019-04-26,1.11371,1.11728,1.1123,1.11368
2019-04-29,1.1149,1.11699,1.11455,1.11503
2019-04-30,1.11842,1.12296,1.11766,1.11852
2019-05-01,1.12183,1.125,1.12144,1.1216
2019-05-02,1.12018,1.12182,1.11736,1.12008
2019-05-03,1.11726,1.12007,1.11413,1.11736
2019-05-06,1.11871,1.12045,1.11799,1.11858
2019-05-07,1.12045,1.12196,1.11761,1.12018
2019-05-08,1.11896,1.1215,1.11896,1.11911
2019-05-09,1.11975,1.1251,1.11757,1.11983
2019-05-10,1.12186,1.12524,1.12186,1.12221
2019-05-13,1.12367,1.12634,1.12241,1.12365
2019-05-14,1.12324,1.12461,1.12049,1.12325
2019-05-15,1.12036,1.12227,1.11804,1.12045
2019-05-16,1.12095,1.12244,1.11743,1.12072
2019-05-17,1.11748,1.11844,1.11574,1.11736
2019-05-20,1.11653,1.1177,1.11513,1.11653
2019-05-21,1.11694,1.11832,1.11424,1.11686
2019-05-23,1.11551,1.11728,1.11095,1.11555
2019-05-24,1.11838,1.1212,1.11781,1.11846
2019-05-27,1.12064,1.12183,1.11881,1.12096
2019-05-28,1.11936,1.11995,1.11718,1.11938
2019-05-29,1.11707,1.11757,1.11259,1.11707
2019-05-30,1.11383,1.1146,1.11185,1.11373
2019-05-31,1.11299,1.11794,1.11266,1.11311
2019-06-03,1.11734,1.1211,1.11622,1.11741
2019-06-04,1.12456,1.12778,1.12278,1.12463
2019-06-05,1.12551,1.13045,1.12399,1.1254
2019-06-06,1.12273,1.13079,1.12238,1.1229
2019-06-07,1.12755,1.13482,1.12532,1.12765
2019-06-10,1.1319,1.1327,1.1292,1.13202
2019-06-11,1.13184,1.13327,1.13048,1.13181
2019-06-12,1.13294,1.1343,1.13085,1.13295
2019-06-13,1.12931,1.1305,1.12712,1.12956
2019-06-14,1.12796,1.12905,1.1215,1.12804
2019-06-17,1.1216,1.1246,1.12054,1.12171
2019-06-18,1.12271,1.1244,1.11823,1.12246
2019-06-19,1.11975,1.12221,1.11887,1.11982
2019-06-20,1.12358,1.13152,1.12358,1.12385
2019-06-21,1.12932,1.13334,1.12836,1.12956
2019-06-24,1.1383,1.14012,1.13738,1.13847
2019-06-25,1.14002,1.1414,1.13784,1.14003
2019-06-26,1.13685,1.13895,1.13509,1.137
2019-06-27,1.13746,1.1383,1.13484,1.13748
2019-06-28,1.13714,1.13934,1.13613,1.13729
2019-07-01,1.13636,1.13675,1.13057,1.13649
2019-07-02,1.12871,1.13211,1.12768,1.12874
2019-07-03,1.12909,1.13053,1.12704,1.12931
2019-07-04,1.1288,1.12982,1.12743,1.1288
2019-07-05,1.1286,1.1288,1.12082,1.12858
2019-07-08,1.12279,1.12372,1.12084,1.12274
2019-07-09,1.12148,1.12221,1.11953,1.1216
2019-07-10,1.12046,1.1263,1.12026,1.12082
2019-07-11,1.12613,1.1288,1.12518,1.12589
2019-07-12,1.12502,1.1278,1.12397,1.12524
2019-07-15,1.12718,1.1286,1.12557,1.12721
2019-07-16,1.12609,1.12663,1.1209,1.12618
2019-07-17,1.12133,1.12334,1.12011,1.12123
2019-07-18,1.12278,1.12473,1.12062,1.12296
2019-07-19,1.12615,1.12714,1.1215,1.12615
2019-07-22,1.12181,1.12271,1.12084,1.12183
2019-07-23,1.1205,1.12108,1.11496,1.12061
2019-07-24,1.1151,1.11557,1.113,1.11513
2019-07-25,1.11423,1.11869,1.11038,1.11424
2019-07-26,1.11452,1.11532,1.11157,1.11462
2019-07-29,1.11309,1.11445,1.11144,1.11321
2019-07-30,1.11422,1.11581,1.11333,1.11431
2019-07-31,1.11574,1.11645,1.11278,1.1158
2019-08-01,1.10722,1.1073,1.10275,1.10717
2019-08-02,1.10818,1.11142,1.10708,1.10789
2019-08-05,1.11074,1.11995,1.11074,1.1108
2019-08-06,1.12427,1.12497,1.11707,1.12438
2019-08-07,1.12059,1.1241,1.11809,1.1207
2019-08-08,1.12049,1.12284,1.11844,1.12044
2019-08-09,1.11873,1.12198,1.11841,1.11872
2019-08-12,1.12069,1.12303,1.11633,1.12085
2019-08-13,1.12183,1.12283,1.11782,1.12183
2019-08-14,1.11776,1.1191,1.114,1.11771
2019-08-15,1.1145,1.1159,1.10956,1.11433
2019-08-16,1.11114,1.11136,1.10675,1.11136
2019-08-19,1.10939,1.111,1.10882,1.10939
2019-08-20,1.10825,1.1099,1.10689,1.10832
2019-08-21,1.10985,1.11074,1.10888,1.10978
2019-08-22,1.10904,1.1114,1.10645,1.10908
2019-08-23,1.10833,1.1149,1.1053,1.1084
2019-08-26,1.11431,1.11525,1.11084,1.11431
2019-08-27,1.11011,1.11185,1.10888,1.11037
2019-08-28,1.109,1.11,1.10744,1.109
2019-08-29,1.10854,1.10902,1.10562,1.10859
2019-08-30,1.10596,1.10619,1.09872,1.10619
2019-09-02,1.099094,1.099747,1.095878,1.099179
2019-09-03,1.096732,1.097731,1.09304,1.096852
2019-09-04,1.097358,1.1035,1.097273,1.097454
2019-09-05,1.10375,1.10828,1.10183,1.1035
2019-09-06,1.10363,1.10574,1.10212,1.10363
2019-09-09,1.10207,1.10653,1.10161,1.10206
2019-09-10,1.10473,1.10595,1.10318,1.10484
2019-09-11,1.10497,1.10583,1.098623,1.10503
2019-09-12,1.10144,1.10775,1.092956,1.10135
2019-09-13,1.10577,1.11091,1.10577,1.10583
2019-09-16,1.10841,1.10843,1.099493,1.10834
2019-09-17,1.1004,1.10681,1.099288,1.10059
2019-09-18,1.10743,1.10779,1.10375,1.10747
2019-09-19,1.10314,1.1075,1.10235,1.10314
2019-09-20,1.10461,1.1069,1.09988,1.10485
2019-09-23,1.10195,1.1028,1.096828,1.1019
2019-09-24,1.099372,1.10139,1.098515,1.099372
2019-09-25,1.10156,1.10193,1.094835,1.10169
2019-09-26,1.095182,1.096732,1.092514,1.09529
2019-09-27,1.092311,1.095842,1.090584,1.092275
2019-09-30,1.094164,1.094811,1.088767,1.094271
2019-10-01,1.089918,1.093733,1.088151,1.089966
2019-10-02,1.093542,1.095794,1.090524,1.093494
2019-10-03,1.096203,1.099832,1.094188,1.096371
2019-10-04,1.09749,1.099227,1.095914,1.097538
2019-10-07,1.09866,1.10011,1.096371,1.09866
2019-10-08,1.097273,1.0998,1.094667,1.097213
2019-10-09,1.096022,1.099199,1.095554,1.096011
2019-10-10,1.098587,1.10339,1.098044,1.09878
2019-10-11,1.10144,1.1062,1.10039,1.1011
2019-10-14,1.10282,1.1043,1.10152,1.103
2019-10-15,1.10258,1.10455,1.099276,1.1029
2019-10-16,1.1034,1.10763,1.10235,1.10347
2019-10-17,1.10743,1.114,1.10659,1.10749
2019-10-18,1.11272,1.1162,1.11151,1.11272
2019-10-21,1.11561,1.11807,1.114,1.11557
2019-10-22,1.1152,1.11607,1.11247,1.11518
2019-10-23,1.11297,1.11334,1.1108,1.11293
2019-10-24,1.11326,1.11657,1.10939,1.11324
2019-10-25,1.11044,1.11259,1.10805,1.1104
2019-10-28,1.10848,1.11067,1.10771,1.10843
2019-10-29,1.11025,1.11188,1.10751,1.10991
2019-10-30,1.11122,1.11259,1.11033,1.11148
2019-10-31,1.11542,1.11769,1.11337,1.11545
2019-11-01,1.11561,1.11744,1.11308,1.11571
2019-11-04,1.11694,1.1177,1.1142,1.11666
2019-11-05,1.11283,1.1139,1.10646,1.11285
2019-11-06,1.10744,1.10951,1.10675,1.10742
2019-11-07,1.10706,1.10914,1.1038,1.10704
2019-11-08,1.10346,1.10381,1.10178,1.10197
2019-11-11,1.10228,1.10436,1.10172,1.10224
2019-11-12,1.10348,1.10412,1.10039,1.10355
2019-11-13,1.10121,1.10205,1.10011,1.10124
2019-11-14,1.10087,1.10178,1.099082,1.10132
2019-11-15,1.10229,1.10558,1.10153,1.10205
2019-11-18,1.1054,1.1091,1.1054,1.10551
2019-11-19,1.10722,1.10852,1.10643,1.10724
2019-11-20,1.10803,1.10828,1.10536,1.108
2019-11-21,1.1079,1.10964,1.10638,1.10789
2019-11-22,1.10656,1.10786,1.10286,1.10659
2019-11-25,1.10241,1.10339,1.10062,1.10226
2019-11-26,1.1012,1.10266,1.1008,1.10144
2019-11-27,1.10221,1.10226,1.099336,1.10226
2019-11-28,1.10061,1.10193,1.10016,1.10049
2019-11-29,1.10113,1.10267,1.098286,1.10118
2019-12-02,1.10177,1.10892,1.10038,1.1019
2019-12-03,1.1076,1.10926,1.10665,1.10791
2019-12-04,1.10818,1.11135,1.10679,1.10852
2019-12-05,1.10827,1.11049,1.108,1.1083
2019-12-06,1.11042,1.11123,1.10423,1.11054
2019-12-09,1.10578,1.10803,1.1054,1.10589
2019-12-10,1.10645,1.10975,1.10635,1.1065
2019-12-11,1.10939,1.10988,1.10717,1.10927
2019-12-12,1.11333,1.11534,1.11119,1.11359
2019-12-13,1.11834,1.11869,1.11189,1.11861
2019-12-16,1.11252,1.11579,1.11235,1.11245
2019-12-17,1.11371,1.11732,1.11309,1.1137
2019-12-18,1.11515,1.11515,1.11114,1.11514
2019-12-19,1.11159,1.11424,1.11099,1.11159
2019-12-20,1.11237,1.11259,1.10743,1.11259
2019-12-23,1.10798,1.10975,1.10715,1.10798
2019-12-24,1.1093,1.10975,1.10706,1.10939
2019-12-25,1.10914,1.11086,1.10779,1.10902
2019-12-26,1.10951,1.11049,1.10828,1.10955
2019-12-27,1.11012,1.11807,1.11,1.11011
2019-12-30,1.11816,1.12207,1.11816,1.11823
2019-12-31,1.12045,1.1241,1.12007,1.12023
2020-01-01,1.12208,1.12284,1.11595,1.12208
2020-01-02,1.12189,1.12271,1.11668,1.12208
2020-01-03,1.11708,1.11807,1.11257,1.11714
2020-01-06,1.11625,1.12082,1.11581,1.1162
2020-01-07,1.11958,1.11995,1.11349,1.1198
2020-01-08,1.11557,1.11652,1.11109,1.11547
2020-01-09,1.11144,1.11222,1.10951,1.11132
2020-01-10,1.11093,1.1121,1.10862,1.11111
2020-01-13,1.11165,1.11447,1.11141,1.11167
2020-01-14,1.11345,1.11458,1.11056,1.11357
2020-01-15,1.11297,1.11635,1.11203,1.11309
2020-01-16,1.11527,1.11719,1.11298,1.1154
2020-01-17,1.1138,1.1145,1.10876,1.11396
2020-01-20,1.10952,1.11049,1.10775,1.10946
2020-01-21,1.10964,1.11198,1.10865,1.10969
2020-01-22,1.10859,1.10978,1.10716,1.10856
2020-01-23,1.10975,1.11032,1.1037,1.10964
2020-01-24,1.10553,1.10608,1.10212,1.10552
2020-01-27,1.10263,1.104,1.10101,1.10254
2020-01-28,1.10196,1.10266,1.099856,1.10198
2020-01-29,1.10229,1.10302,1.099324,1.10226
2020-01-30,1.10141,1.10366,1.10082,1.10169
2020-01-31,1.10288,1.10902,1.10179,1.10291
2020-02-03,1.10891,1.10898,1.10435,1.10898
2020-02-04,1.10629,1.10656,1.10339,1.10629
2020-02-05,1.10447,1.10485,1.099832,1.10473
2020-02-06,1.10005,1.10129,1.096551,1.10023
2020-02-07,1.098105,1.098699,1.094691,1.098298
2020-02-10,1.094871,1.096131,1.09096,1.094931
2020-02-11,1.091227,1.0927,1.089348,1.091346
2020-02-12,1.09218,1.0925,1.088708,1.091941
2020-02-13,1.087642,1.089087,1.083553,1.087595
2020-02-14,1.084599,1.086248,1.08313,1.084599
2020-02-17,1.084058,1.0854,1.083025,1.084175
2020-02-18,1.083705,1.084011,1.078691,1.084011
2020-02-19,1.079471,1.080847,1.07836,1.07954
2020-02-20,1.080964,1.0821,1.077958,1.08101
2020-02-21,1.078772,1.086366,1.078772,1.0788
2020-02-24,1.083858,1.086366,1.080847,1.083905
2020-02-25,1.084905,1.088175,1.083177,1.08492
2020-02-26,1.0881,1.090358,1.085564,1.0882
2020-02-27,1.088566,1.10057,1.088566,1.088589
2020-02-28,1.099554,1.10528,1.095158,1.099723
2020-03-02,1.10525,1.11641,1.10373,1.10513
2020-03-03,1.11443,1.12075,1.10973,1.1144
2020-03-04,1.11773,1.11857,1.10969,1.11807
2020-03-05,1.11391,1.12045,1.11217,1.11391
2020-03-06,1.12238,1.13547,1.12139,1.12238
2020-03-09,1.13862,1.14958,1.13568,1.1386
2020-03-10,1.13974,1.1423,1.13341,1.1398
2020-03-11,1.13162,1.1366,1.1259,1.13165
2020-03-12,1.12608,1.13329,1.10808,1.12615
2020-03-13,1.11836,1.12213,1.10654,1.11849
2020-03-16,1.11596,1.12354,1.10887,1.11554
2020-03-17,1.11633,1.11891,1.095794,1.11632
2020-03-18,1.10169,1.1045,1.083189,1.10155
2020-03-19,1.094343,1.096155,1.069793,1.096155
2020-03-20,1.065848,1.082989,1.065451,1.065735
2020-03-23,1.068753,1.082485,1.066041,1.069439
2020-03-24,1.076473,1.08885,1.075338,1.076461
2020-03-25,1.080124,1.084952,1.077018,1.080264
2020-03-26,1.088755,1.10255,1.087654,1.088957
2020-03-27,1.10462,1.10865,1.095518,1.10483
2020-03-30,1.11354,1.11391,1.10122,1.11391
2020-03-31,1.10284,1.10436,1.092968,1.10305
2020-04-01,1.10282,1.10375,1.09187,1.10266
2020-04-02,1.095098,1.096299,1.084434,1.095362
2020-04-03,1.084387,1.085894,1.07762,1.08474
2020-04-06,1.080824,1.083435,1.076925,1.080696
2020-04-07,1.080194,1.092335,1.07914,1.08038
2020-04-08,1.089431,1.089621,1.083177,1.089514
2020-04-09,1.086118,1.094355,1.08418,1.086366
2020-04-10,1.092598,1.09541,1.092108,1.092741
2020-04-13,1.093135,1.096852,1.08936,1.093267
2020-04-14,1.091953,1.098394,1.091572,1.092299
2020-04-15,1.098237,1.098901,1.085765,1.098539
2020-04-16,1.090382,1.090774,1.082966,1.09051
2020-04-17,1.086012,1.089325,1.081268,1.085847
2020-04-20,1.086626,1.089704,1.084305,1.086697
2020-04-21,1.086354,1.087997,1.081795,1.086484
2020-04-22,1.085741,1.088317,1.082427,1.085647
2020-04-23,1.080684,1.084399,1.075836,1.080964
2020-04-24,1.077633,1.081771,1.072766,1.077702
2020-04-27,1.082368,1.086036,1.081221,1.082368
2020-04-28,1.08272,1.088969,1.081128,1.082485
2020-04-29,1.083236,1.087429,1.083166,1.083658
2020-04-30,1.087666,1.096996,1.083565,1.087725
2020-05-01,1.094475,1.10162,1.093542,1.094547
2020-05-04,1.095746,1.095963,1.090132,1.095963
2020-05-05,1.090453,1.092132,1.082696,1.090429
2020-05-06,1.084011,1.084481,1.078423,1.083858
2020-05-07,1.080054,1.081572,1.076751,1.079855
2020-05-08,1.083694,1.087335,1.081631,1.083717
2020-05-11,1.084011,1.085305,1.080427,1.083952
2020-05-12,1.080917,1.088045,1.078539,1.080941
2020-05-13,1.084634,1.089336,1.083142,1.084681
2020-05-14,1.082193,1.082485,1.077656,1.082368
2020-05-15,1.080625,1.084952,1.079086,1.080696
2020-05-18,1.081947,1.091274,1.080089,1.082134
2020-05-19,1.091584,1.097514,1.090275,1.091512
2020-05-20,1.093016,1.099904,1.092777,1.092777
2020-05-21,1.097936,1.10087,1.093948,1.098298
2020-05-22,1.095242,1.09553,1.088613,1.09529
2020-05-25,1.090905,1.091465,1.087205,1.09078
2020-05-26,1.090108,1.099155,1.089835,1.0903
2020-05-27,1.098056,1.10299,1.093661,1.098177
2020-05-28,1.10153,1.10719,1.099312,1.10169
2020-05-29,1.10781,1.11447,1.10704,1.10791
2020-06-01,1.11146,1.1152,1.11015,1.11185
2020-06-02,1.11256,1.11957,1.11157,1.11259
2020-06-03,1.11857,1.125,1.11811,1.11894
2020-06-04,1.12372,1.13605,1.1196,1.1236
2020-06-05,1.13372,1.13839,1.12857,1.13379
2020-06-08,1.13161,1.13195,1.12695,1.13195
2020-06-09,1.13029,1.13634,1.12437,1.13056
2020-06-10,1.13341,1.13889,1.13322,1.13322
2020-06-11,1.13687,1.14002,1.13261,1.13654
2020-06-12,1.12894,1.13398,1.12347,1.12881
2020-06-15,1.12542,1.1292,1.12288,1.1252
2020-06-16,1.1338,1.13498,1.12317,1.13377
2020-06-17,1.12649,1.12969,1.12103,1.12657
2020-06-18,1.12413,1.12625,1.12046,1.12429
2020-06-19,1.12072,1.1253,1.11739,1.1211
2020-06-22,1.11794,1.12677,1.11756,1.11776
2020-06-23,1.12771,1.1349,1.12343,1.12797
2020-06-24,1.13136,1.13263,1.12599,1.13123
2020-06-25,1.12514,1.126,1.11914,1.12509
2020-06-26,1.12208,1.1239,1.11978,1.12221
2020-06-29,1.12241,1.12892,1.12206,1.12259
2020-06-30,1.12471,1.12616,1.11923,1.12472
2020-07-01,1.12337,1.12746,1.11892,1.1236
2020-07-02,1.12534,1.13033,1.12278,1.12514
2020-07-03,1.12397,1.12511,1.12211,1.12378
2020-07-06,1.12488,1.13469,1.12472,1.12472
2020-07-07,1.13103,1.13366,1.12604,1.13129
2020-07-08,1.12728,1.13456,1.12652,1.12752
2020-07-09,1.13379,1.13727,1.1288,1.13392
2020-07-10,1.12892,1.13248,1.12572,1.1288
2020-07-13,1.13088,1.13705,1.13045,1.131
2020-07-14,1.13458,1.14071,1.13263,1.13455
2020-07-15,1.14108,1.1453,1.13935,1.14107
2020-07-16,1.14173,1.1443,1.13795,1.14172
2020-07-17,1.13865,1.14416,1.13789,1.13921
2020-07-20,1.14396,1.14679,1.14052,1.1443
2020-07-21,1.14576,1.1498,1.14262,1.14587
2020-07-22,1.15351,1.16009,1.15085,1.1534
2020-07-23,1.15667,1.16243,1.15421,1.15687
2020-07-24,1.1595,1.16401,1.15817,1.15961
2020-07-27,1.16526,1.17795,1.16526,1.16526
2020-07-28,1.17665,1.17758,1.1701,1.17693
2020-07-29,1.17206,1.1779,1.1715,1.17188
2020-07-30,1.17869,1.18074,1.17327,1.17829
2020-07-31,1.18737,1.1908,1.18026,1.18723
2020-08-03,1.17841,1.17876,1.17014,1.17823
2020-08-04,1.17606,1.1805,1.17242,1.17633
2020-08-05,1.18149,1.19053,1.18,1.18154
2020-08-06,1.18737,1.19119,1.18208,1.18728
2020-08-07,1.18751,1.18835,1.17565,1.18765
2020-08-10,1.17824,1.1802,1.1743,1.17827
2020-08-11,1.17376,1.1805,1.17232,1.17378
2020-08-12,1.17398,1.18127,1.1713,1.17365
2020-08-13,1.17965,1.1864,1.17938,1.17938
2020-08-14,1.18189,1.1838,1.17847,1.18166
2020-08-17,1.18504,1.18807,1.18304,1.18526
2020-08-18,1.18793,1.19652,1.18754,1.18765
2020-08-19,1.19473,1.19546,1.18934,1.19479
2020-08-20,1.18417,1.18684,1.18065,1.18435
2020-08-21,1.18708,1.18864,1.17549,1.18737
2020-08-24,1.17991,1.18526,1.17862,1.1798
2020-08-25,1.17952,1.18441,1.17848,1.17945
2020-08-26,1.18333,1.18399,1.17761,1.1835
2020-08-27,1.18402,1.18985,1.17662,1.18427
2020-08-28,1.18205,1.19204,1.1812,1.18196
2020-08-31,1.19165,1.19636,1.18851,1.19182
2020-09-01,1.19392,1.20113,1.19373,1.1939
2020-09-02,1.19231,1.19244,1.18241,1.19232
2020-09-03,1.1846,1.18481,1.17897,1.18474
2020-09-04,1.18437,1.18635,1.17818,1.18398
2020-09-07,1.18366,1.18486,1.18138,1.18345
2020-09-08,1.18192,1.18287,1.17672,1.18217
2020-09-09,1.17691,1.18305,1.17536,1.17702
2020-09-10,1.18064,1.19147,1.18029,1.18064
2020-09-11,1.18262,1.18765,1.18244,1.18244
2020-09-14,1.18436,1.1888,1.18331,1.18427
2020-09-15,1.18669,1.1901,1.18415,1.187
2020-09-16,1.18427,1.1883,1.18146,1.18444
2020-09-17,1.18043,1.18301,1.17416,1.18034
2020-09-18,1.18526,1.1871,1.18312,1.18482
2020-09-21,1.18455,1.1873,1.17327,1.18455
2020-09-22,1.17618,1.1773,1.16934,1.1768
2020-09-23,1.17075,1.172,1.16649,1.17084
2020-09-24,1.16619,1.1681,1.16297,1.16585
2020-09-25,1.16737,1.16851,1.16135,1.16732
2020-09-28,1.16351,1.16797,1.16167,1.16353
2020-09-29,1.16777,1.17416,1.16666,1.16788
2020-09-30,1.17427,1.17564,1.16861,1.17421
2020-10-01,1.17237,1.1767,1.17181,1.17261
2020-10-02,1.17441,1.1747,1.16971,1.17449
2020-10-05,1.1722,1.17966,1.17193,1.17204
2020-10-06,1.17883,1.18074,1.17673,1.17925
2020-10-07,1.17374,1.17814,1.17254,1.17376
2020-10-08,1.17655,1.17813,1.17353,1.17675
2020-10-09,1.17671,1.18245,1.17588,1.1767
2020-10-12,1.18133,1.18273,1.1788,1.18168
2020-10-13,1.18142,1.18161,1.17357,1.18161
2020-10-14,1.1744,1.17702,1.17217,1.17422
2020-10-15,1.17476,1.17606,1.16902,1.1744
2020-10-16,1.17058,1.17467,1.16949,1.17071
2020-10-19,1.17156,1.17952,1.17049,1.17155
2020-10-20,1.1768,1.18399,1.17626,1.17689
2020-10-21,1.18293,1.18821,1.18293,1.18298
2020-10-22,1.18513,1.18694,1.18133,1.1854
2020-10-23,1.1814,1.18596,1.1788,1.1815
2020-10-26,1.18483,1.1851,1.1804,1.18485
2020-10-27,1.18094,1.1838,1.17994,1.18094
2020-10-28,1.17816,1.17883,1.17193,1.17841
2020-10-29,1.17474,1.17592,1.16562,1.17487
2020-10-30,1.16768,1.17034,1.16431,1.16787
2020-11-02,1.16425,1.1657,1.16244,1.16421
2020-11-03,1.16428,1.1742,1.16381,1.16428
2020-11-04,1.17646,1.17689,1.16077,1.17622
2020-11-05,1.17299,1.18568,1.17128,1.17327
2020-11-06,1.18142,1.18906,1.17962,1.18175
2020-11-09,1.18932,1.19192,1.17975,1.1893
2020-11-10,1.18233,1.18436,1.17808,1.18273
2020-11-11,1.18196,1.18329,1.17473,1.18188
2020-11-12,1.17787,1.1823,1.17596,1.17803
2020-11-13,1.18053,1.18339,1.17997,1.18034
2020-11-16,1.18443,1.18687,1.18147,1.18453
2020-11-17,1.18597,1.18927,1.18455,1.18594
2020-11-18,1.18644,1.1891,1.18511,1.18637
2020-11-19,1.18429,1.18554,1.18174,1.18476
2020-11-20,1.18675,1.18909,1.18519,1.18665
2020-11-23,1.18654,1.19059,1.18032,1.18665
2020-11-24,1.18418,1.18939,1.18389,1.18427
2020-11-25,1.19005,1.1928,1.18828,1.19005
2020-11-26,1.19175,1.1941,1.18869,1.192
2020-11-27,1.19119,1.19619,1.19107,1.1916
2020-11-30,1.19707,1.20021,1.19441,1.19715
2020-12-01,1.19377,1.20536,1.1936,1.19382
2020-12-02,1.20699,1.21074,1.20408,1.20744
2020-12-03,1.21134,1.2175,1.21024,1.21146
2020-12-04,1.21454,1.21777,1.21337,1.21457
2020-12-07,1.21206,1.21635,1.20808,1.21214
2020-12-08,1.21095,1.21342,1.20972,1.21131
2020-12-09,1.21099,1.2149,1.20739,1.21109
2020-12-10,1.20817,1.21581,1.20788,1.20788
2020-12-11,1.21434,1.2164,1.21079,1.21443
2020-12-14,1.21336,1.2174,1.21175,1.21334
2020-12-15,1.21487,1.21665,1.21269,1.21489
2020-12-16,1.21538,1.2213,1.2147,1.21543
2020-12-17,1.21971,1.2263,1.21924,1.21996
2020-12-18,1.2262,1.22684,1.22272,1.22627
2020-12-21,1.22106,1.22347,1.21308,1.22161
2020-12-22,1.22384,1.2259,1.2166,1.22369
2020-12-23,1.21859,1.22194,1.21578,1.21867
2020-12-24,1.21939,1.22175,1.21794,1.21914
2020-12-25,1.21847,1.2213,1.2167,1.21847
2020-12-28,1.2207,1.2252,1.21835,1.22051
2020-12-29,1.222,1.2276,1.222,1.22234
2020-12-30,1.22532,1.23088,1.2252,1.2253
2020-12-31,1.22991,1.23095,1.2223,1.22999
2021-01-01,1.21729,1.2217,1.2135,1.21803
2021-01-04,1.2249,1.231,1.21714,1.22507
2021-01-05,1.2253,1.22948,1.22499,1.22516
2021-01-06,1.22986,1.23503,1.22669,1.23003
2021-01-07,1.23378,1.23457,1.22466,1.23411
2021-01-08,1.22687,1.22821,1.22149,1.22714
2021-01-11,1.21878,1.21996,1.21347,1.21862
2021-01-12,1.21616,1.21785,1.21389,1.21607
2021-01-13,1.22093,1.22249,1.21554,1.22089
2021-01-14,1.21618,1.21729,1.21131,1.21625
2021-01-15,1.2153,1.21625,1.20847,1.21513
2021-01-18,1.20672,1.20862,1.20555,1.20681
2021-01-19,1.20785,1.21449,1.20773,1.20773
2021-01-20,1.21395,1.216,1.20777,1.21389
2021-01-21,1.21153,1.2172,1.21099,1.21156
2021-01-22,1.21662,1.2188,1.2152,1.21663
2021-01-25,1.21686,1.2186,1.21172,1.21694
2021-01-26,1.21433,1.2175,1.21084,1.21462
2021-01-27,1.21632,1.21714,1.2062,1.2163
2021-01-28,1.21048,1.2144,1.20824,1.21051
2021-01-29,1.21214,1.2157,1.2096,1.212
2021-02-01,1.21228,1.21361,1.20691,1.21239
2021-02-02,1.20677,1.2088,1.20184,1.20687
2021-02-03,1.20391,1.205,1.20049,1.20391
2021-02-04,1.20418,1.20438,1.19672,1.20424
2021-02-05,1.19674,1.20398,1.19536,1.19667
2021-02-08,1.20494,1.20685,1.20214,1.20488
2021-02-09,1.20525,1.21148,1.20502,1.20536
2021-02-10,1.2117,1.21437,1.21102,1.212
2021-02-11,1.21194,1.2151,1.21143,1.21212
2021-02-12,1.213,1.21359,1.2084,1.21315
2021-02-15,1.21211,1.2147,1.21174,1.21221
2021-02-16,1.21324,1.2171,1.20958,1.21322
2021-02-17,1.20885,1.20983,1.20256,1.20925
2021-02-18,1.20459,1.2089,1.20363,1.2048
2021-02-19,1.20918,1.21477,1.2083,1.20919
2021-02-22,1.21244,1.21551,1.20922,1.21264
2021-02-23,1.21669,1.21788,1.21368,1.21668
2021-02-24,1.2152,1.2174,1.21113,1.21521
2021-02-25,1.21695,1.22416,1.21566,1.21714
2021-02-26,1.21601,1.21825,1.20918,1.21604
2021-03-01,1.20909,1.21016,1.20299,1.20896
2021-03-02,1.20491,1.20804,1.1994,1.20511
2021-03-03,1.2085,1.21105,1.20447,1.20855
2021-03-04,1.20483,1.2064,1.2025,1.20507
2021-03-05,1.19686,1.19686,1.1898,1.19677
2021-03-08,1.19246,1.19322,1.18483,1.19256
2021-03-09,1.1852,1.1916,1.18361,1.18517
2021-03-10,1.18967,1.19251,1.187,1.18979
2021-03-11,1.19275,1.19778,1.19171,1.19261
2021-03-12,1.19816,1.19904,1.19106,1.19861
2021-03-15,1.19511,1.19654,1.19119,1.195
2021-03-16,1.19273,1.1953,1.18844,1.19258
2021-03-17,1.19021,1.1918,1.18876,1.19016
2021-03-18,1.19806,1.1991,1.19102,1.19828
2021-03-19,1.19177,1.19374,1.18749,1.19182
2021-03-22,1.18845,1.19374,1.18761,1.18831
2021-03-23,1.19333,1.19432,1.18644,1.1933
2021-03-24,1.18412,1.18511,1.18133,1.18402
2021-03-25,1.18138,1.18301,1.17752,1.18131
2021-03-26,1.17761,1.1804,1.17726,1.17766
2021-03-29,1.17876,1.17936,1.17618,1.1788
2021-03-30,1.17691,1.17758,1.17132,1.1771
2021-03-31,1.17233,1.17586,1.17045,1.17236
2021-04-01,1.1729,1.17758,1.17148,1.17288
2021-04-02,1.17777,1.1787,1.17514,1.17799
2021-04-05,1.17664,1.18161,1.17394,1.17682
2021-04-06,1.18191,1.18554,1.17965,1.18189
2021-04-07,1.18755,1.19147,1.18654,1.18742
2021-04-08,1.1872,1.19148,1.18618,1.18737
2021-04-09,1.19157,1.19232,1.18686,1.19157
2021-04-12,1.18964,1.19204,1.18734,1.19005
2021-04-13,1.19121,1.19531,1.18843,1.19147
2021-04-14,1.19574,1.19819,1.19519,1.19541
2021-04-15,1.19824,1.19931,1.19579,1.19861
2021-04-16,1.19707,1.19947,1.19509,1.19717
2021-04-19,1.19683,1.20482,1.19434,1.19695
2021-04-20,1.20438,1.20817,1.20288,1.20453
2021-04-21,1.20325,1.20453,1.2,1.20324
2021-04-22,1.20382,1.207,1.20039,1.20378
2021-04-23,1.20179,1.2078,1.20139,1.20148
2021-04-26,1.20896,1.21183,1.20637,1.20899
2021-04-27,1.20792,1.20919,1.20579,1.20817
2021-04-28,1.20885,1.21021,1.20576,1.20903
2021-04-29,1.21358,1.21521,1.21042,1.21359
2021-04-30,1.21249,1.21286,1.20247,1.21271
2021-05-03,1.20265,1.2078,1.20149,1.20278
2021-05-04,1.20598,1.2063,1.2,1.20613
2021-05-05,1.20163,1.20294,1.19872,1.2015
2021-05-06,1.20091,1.207,1.1994,1.2008
2021-05-07,1.20659,1.21654,1.20534,1.20685
2021-05-10,1.21675,1.21773,1.21374,1.21711
2021-05-11,1.21421,1.21797,1.21255,1.21409
2021-05-12,1.21455,1.21507,1.20681,1.21445
2021-05-13,1.20769,1.21065,1.20531,1.20785
2021-05-14,1.20802,1.21477,1.20715,1.20773
2021-05-17,1.21476,1.217,1.21275,1.21504
2021-05-18,1.21552,1.22324,1.21541,1.21569
2021-05-19,1.22264,1.2248,1.21919,1.2224
2021-05-20,1.21729,1.2229,1.21709,1.21729
2021-05-21,1.22279,1.2242,1.21737,1.22254
2021-05-24,1.21812,1.22294,1.21758,1.21832
2021-05-25,1.22145,1.2267,1.22124,1.22146
2021-05-26,1.22489,1.2265,1.22,1.22491
2021-05-27,1.21904,1.2217,1.21757,1.21926
2021-05-28,1.21927,1.22011,1.21334,1.21932
2021-05-31,1.21901,1.22339,1.21841,1.21901
2021-06-01,1.22341,1.22542,1.22146,1.22329
2021-06-02,1.22181,1.22294,1.21657,1.22178
2021-06-03,1.22115,1.2216,1.21209,1.22099
2021-06-04,1.21303,1.21877,1.21055,1.2133
2021-06-07,1.21657,1.2202,1.21451,1.21684
2021-06-08,1.21896,1.21966,1.21666,1.21936
2021-06-09,1.21718,1.2219,1.21718,1.21729
2021-06-10,1.21773,1.21921,1.21454,1.2182
2021-06-11,1.21732,1.2195,1.2095,1.21726
2021-06-14,1.21108,1.21315,1.20953,1.21102
2021-06-15,1.21242,1.21492,1.21029,1.21222
2021-06-16,1.21255,1.2135,1.21104,1.21271
2021-06-17,1.19918,1.20077,1.1907,1.19956
2021-06-18,1.19133,1.19275,1.18511,1.19134
2021-06-21,1.1869,1.19205,1.18488,1.18737
2021-06-22,1.19116,1.19175,1.18824,1.19126
2021-06-23,1.19374,1.197,1.19158,1.19367
2021-06-24,1.19316,1.19567,1.19199,1.19332
2021-06-25,1.19279,1.19745,1.19279,1.19303
2021-06-28,1.19422,1.1946,1.19046,1.19422
2021-06-29,1.19303,1.19303,1.18804,1.19289
2021-06-30,1.18999,1.19104,1.18458,1.19019
2021-07-01,1.18554,1.1884,1.18381,1.18568
2021-07-02,1.18471,1.1861,1.18194,1.18462
2021-07-05,1.18559,1.1882,1.1852,1.18562
2021-07-06,1.18615,1.18963,1.1815,1.18638
2021-07-07,1.18203,1.18413,1.17824,1.18245
2021-07-08,1.17936,1.18663,1.17843,1.17934
2021-07-09,1.18469,1.18747,1.18252,1.1848
2021-07-12,1.18737,1.18821,1.18367,1.1873
2021-07-13,1.18649,1.18779,1.17934,1.18652
2021-07-14,1.17744,1.1828,1.17726,1.17754
2021-07-15,1.18333,1.18511,1.1806,1.18333
2021-07-16,1.18131,1.1823,1.1794,1.18118
2021-07-19,1.18115,1.18233,1.17643,1.1814
2021-07-20,1.17925,1.1804,1.17571,1.17938
2021-07-21,1.17855,1.18028,1.17536,1.17841
2021-07-22,1.17952,1.18298,1.17666,1.17927
2021-07-23,1.17736,1.17855,1.1756,1.17727
2021-07-26,1.1773,1.18175,1.17646,1.17734
2021-07-27,1.18064,1.18371,1.17718,1.18078
2021-07-28,1.18224,1.18301,1.17858,1.18231
2021-07-29,1.18468,1.1892,1.18417,1.1846
2021-07-30,1.1892,1.1911,1.18555,1.1893
2021-08-02,1.18654,1.1899,1.18596,1.1867
2021-08-03,1.18749,1.1896,1.18556,1.18747
2021-08-04,1.18692,1.1902,1.18343,1.18694
2021-08-05,1.18399,1.1859,1.18298,1.18374
2021-08-06,1.18332,1.18357,1.17564,1.18357
2021-08-09,1.17509,1.17716,1.17418,1.17495
2021-08-10,1.1739,1.1744,1.17107,1.17385
2021-08-11,1.17198,1.17469,1.17064,1.17233
2021-08-12,1.17421,1.1751,1.17251,1.17419
2021-08-13,1.17361,1.1803,1.1731,1.17363
2021-08-16,1.17963,1.18036,1.1768,1.17947
2021-08-17,1.17799,1.17841,1.17106,1.17799
2021-08-18,1.17096,1.1731,1.16969,1.17097
2021-08-19,1.17038,1.17069,1.16687,1.17033
2021-08-20,1.16768,1.1691,1.16649,1.16766
2021-08-23,1.16997,1.17433,1.16956,1.16975
2021-08-24,1.17467,1.17648,1.17281,1.17445
2021-08-25,1.1755,1.17606,1.17286,1.17531
2021-08-26,1.1773,1.17813,1.17478,1.17744
2021-08-27,1.1753,1.18036,1.1736,1.17564
2021-08-30,1.18,1.1812,1.17845,1.1799
2021-08-31,1.17994,1.18455,1.17965,1.17969
2021-09-01,1.1812,1.186,1.17951,1.18103
2021-09-02,1.18423,1.18723,1.18348,1.18409
2021-09-03,1.18742,1.19076,1.18682,1.18765
2021-09-06,1.18859,1.18864,1.18571,1.18859
2021-09-07,1.18739,1.18878,1.18383,1.18751
2021-09-08,1.18455,1.1854,1.18032,1.18436
2021-09-09,1.18203,1.18413,1.18061,1.18191
2021-09-10,1.18235,1.1853,1.18194,1.18259
2021-09-13,1.18125,1.18175,1.17706,1.1812
2021-09-14,1.18107,1.1847,1.1802,1.1812
2021-09-15,1.18036,1.1833,1.1801,1.1805
2021-09-16,1.18194,1.18231,1.17517,1.182
2021-09-17,1.17648,1.17897,1.17297,1.17675
2021-09-20,1.17288,1.17371,1.17006,1.17299
2021-09-21,1.17257,1.17489,1.17159,1.17302
2021-09-22,1.17261,1.17445,1.17171,1.17229
2021-09-23,1.16889,1.1751,1.16842,1.16877
2021-09-24,1.17418,1.17481,1.17017,1.17403
2021-09-27,1.17221,1.1728,1.16866,1.17231
2021-09-28,1.1696,1.1706,1.167,1.16968
2021-09-29,1.16869,1.1692,1.16101,1.16863
2021-09-30,1.16023,1.16117,1.15701,1.16016
2021-10-01,1.15742,1.1609,1.15639,1.15745
2021-10-04,1.16073,1.16401,1.15886,1.16073
2021-10-05,1.16166,1.16225,1.15831,1.16184
2021-10-06,1.15951,1.15996,1.15302,1.15961
2021-10-07,1.15553,1.15714,1.15493,1.15553
2021-10-08,1.15592,1.15837,1.15425,1.15598
2021-10-11,1.15659,1.15875,1.15529,1.1566
2021-10-12,1.15529,1.15701,1.15339,1.15537
2021-10-13,1.1531,1.1579,1.15306,1.1534
2021-10-14,1.15996,1.1625,1.15847,1.15996
2021-10-15,1.15907,1.16198,1.15888,1.15915
2021-10-18,1.1596,1.16121,1.1573,1.1597
2021-10-19,1.16145,1.167,1.16139,1.16139
2021-10-20,1.16339,1.1654,1.1618,1.1632
2021-10-21,1.16524,1.167,1.16332,1.1655
2021-10-22,1.16259,1.16541,1.16224,1.16253
2021-10-25,1.16413,1.16686,1.15933,1.16401
2021-10-26,1.16117,1.1629,1.15859,1.16117
2021-10-27,1.15982,1.16244,1.15853,1.15982
2021-10-28,1.15989,1.16932,1.15832,1.16001
2021-10-29,1.16837,1.16918,1.15467,1.16836
2021-11-01,1.15594,1.15933,1.15467,1.15567
2021-11-02,1.16017,1.1615,1.15792,1.15996
2021-11-03,1.15808,1.1599,1.15636,1.15794
2021-11-04,1.16158,1.16171,1.15292,1.16158
2021-11-05,1.15567,1.15647,1.15141,1.15553
2021-11-08,1.15685,1.15955,1.15517,1.15689
2021-11-09,1.15887,1.1609,1.15702,1.15915
2021-11-10,1.15937,1.15982,1.15134,1.15955
2021-11-11,1.14857,1.14916,1.14549,1.14859
2021-11-12,1.14478,1.14599,1.14341,1.14508
2021-11-15,1.14423,1.14642,1.1417,1.14416
2021-11-16,1.13674,1.1387,1.13307,1.13665
2021-11-17,1.13162,1.1334,1.12705,1.13212
2021-11-18,1.13181,1.13598,1.1315,1.13212
2021-11-19,1.13701,1.13701,1.12524,1.13684
2021-11-22,1.12757,1.12905,1.12382,1.12757
2021-11-23,1.12435,1.12734,1.12271,1.12421
2021-11-24,1.12439,1.12545,1.11878,1.12449
2021-11-25,1.1207,1.12309,1.1203,1.1203
2021-11-26,1.1209,1.1322,1.1208,1.12096
2021-11-29,1.12911,1.1298,1.12589,1.12932
2021-11-30,1.12936,1.13817,1.12461,1.12934
2021-12-01,1.133,1.13585,1.13042,1.13303
2021-12-02,1.13196,1.13482,1.13019,1.13195
2021-12-03,1.13068,1.13318,1.12674,1.13062
2021-12-06,1.13026,1.131,1.1269,1.13048
2021-12-07,1.12845,1.12994,1.12313,1.12867
2021-12-08,1.12731,1.1339,1.12696,1.12765
2021-12-09,1.1344,1.13456,1.12794,1.13456
2021-12-10,1.12941,1.13226,1.12674,1.12933
2021-12-13,1.13112,1.13161,1.12635,1.13118
2021-12-14,1.12834,1.13276,1.12666,1.12854
2021-12-15,1.12587,1.1278,1.12492,1.12613
2021-12-16,1.12931,1.13636,1.12821,1.12908
2021-12-17,1.13354,1.13491,1.12684,1.13341
2021-12-20,1.12425,1.13045,1.12373,1.12435
2021-12-21,1.12768,1.13033,1.12618,1.12775
2021-12-22,1.12905,1.1342,1.12653,1.12876
2021-12-23,1.13302,1.13456,1.12915,1.13289
2021-12-24,1.13246,1.13443,1.13084,1.13273
2021-12-27,1.13239,1.1335,1.13042,1.13243
2021-12-28,1.13298,1.1336,1.12904,1.133
2021-12-29,1.13134,1.137,1.12754,1.13148
2021-12-30,1.13598,1.13602,1.13007,1.13602
2021-12-31,1.13232,1.13792,1.13051,1.1325
2022-01-03,1.13738,1.13759,1.12854,1.13735
2022-01-04,1.1302,1.1323,1.12734,1.13022
2022-01-05,1.12854,1.13456,1.12776,1.12836
2022-01-06,1.13122,1.13307,1.12855,1.13135
2022-01-07,1.12959,1.13598,1.12905,1.12969
2022-01-10,1.13534,1.13598,1.12883,1.1354
2022-01-11,1.13327,1.1369,1.13155,1.13304
2022-01-12,1.13701,1.1433,1.13558,1.13665
2022-01-13,1.14398,1.14791,1.14364,1.14416
2022-01-14,1.14566,1.14837,1.14101,1.14571
2022-01-17,1.14121,1.14346,1.13932,1.14107
2022-01-18,1.14129,1.14233,1.13296,1.14106
2022-01-19,1.133,1.13568,1.13195,1.13296
2022-01-20,1.13435,1.13689,1.13302,1.13434
2022-01-21,1.13154,1.13611,1.13022,1.13138
2022-01-24,1.1341,1.13415,1.12914,1.13415
2022-01-25,1.13239,1.1325,1.12668,1.13241
2022-01-26,1.13035,1.13135,1.12721,1.13045
2022-01-27,1.12423,1.12448,1.11335,1.12435
2022-01-28,1.11462,1.11701,1.11233,1.1147
2022-01-31,1.11514,1.12169,1.1145,1.11524
2022-02-01,1.12291,1.1279,1.12221,1.12296
2022-02-02,1.12731,1.13294,1.1267,1.1274
2022-02-03,1.12999,1.14507,1.12721,1.12999
2022-02-04,1.14351,1.14837,1.14134,1.14358
2022-02-07,1.14546,1.146,1.14167,1.14551
2022-02-08,1.14409,1.14508,1.13971,1.1443
2022-02-09,1.14211,1.1447,1.14033,1.14213
2022-02-10,1.14213,1.14943,1.13808,1.14215
2022-02-11,1.14117,1.1419,1.13713,1.14155
2022-02-14,1.13658,1.13689,1.12928,1.13651
2022-02-15,1.13061,1.13688,1.13058,1.13063
2022-02-16,1.13556,1.13932,1.13455,1.13568
2022-02-17,1.13733,1.13869,1.13276,1.13753
2022-02-18,1.13639,1.13767,1.13158,1.13665
2022-02-21,1.13173,1.13856,1.13141,1.13172
2022-02-22,1.13097,1.13638,1.12891,1.13097
2022-02-23,1.13305,1.13598,1.13074,1.13291
2022-02-24,1.13059,1.13059,1.11105,1.13057
2022-02-25,1.11908,1.12661,1.11681,1.11907
2022-02-28,1.11811,1.12445,1.11432,1.11811
2022-03-01,1.12147,1.12322,1.11021,1.12159
2022-03-02,1.1131,1.11419,1.10585,1.11328
2022-03-03,1.11136,1.11161,1.10398,1.11123
2022-03-04,1.10693,1.10693,1.089004,1.10668
2022-03-07,1.087394,1.093075,1.080859,1.087453
2022-03-08,1.086957,1.092216,1.085117,1.086531
2022-03-09,1.090085,1.10911,1.089788,1.089823
2022-03-10,1.10733,1.11162,1.098213,1.10738
2022-03-11,1.10121,1.10419,1.09347,1.10139
2022-03-14,1.093255,1.098696,1.090251,1.093207
2022-03-15,1.094535,1.10183,1.093948,1.094319
2022-03-16,1.096732,1.10387,1.095578,1.096936
2022-03-17,1.10224,1.11105,1.10212,1.1022
2022-03-18,1.10989,1.11179,1.10053,1.10995
2022-03-21,1.10422,1.10667,1.10261,1.10431
2022-03-22,1.10164,1.10457,1.096155,1.10172
2022-03-23,1.10301,1.1042,1.096575,1.10297
2022-03-24,1.10063,1.10133,1.096996,1.10063
2022-03-25,1.1009,1.10387,1.098298,1.10096
2022-03-28,1.098189,1.099674,1.094535,1.098189
2022-03-29,1.099384,1.11364,1.097045,1.099384
2022-03-30,1.10915,1.117,1.10891,1.10915
2022-03-31,1.11618,1.11831,1.1074,1.11618
2022-04-01,1.10724,1.10754,1.10297,1.10724
2022-04-04,1.10473,1.10571,1.098093,1.10473
2022-04-05,1.097586,1.099143,1.092132,1.097586
2022-04-06,1.090643,1.093745,1.087571,1.090643
2022-04-07,1.089823,1.093506,1.08672,1.089823
2022-04-08,1.086484,1.089194,1.083694,1.086484
2022-04-11,1.088495,1.093279,1.087465,1.088495
2022-04-12,1.087796,1.090394,1.085187,1.087796
2022-04-13,1.082614,1.087382,1.081034,1.082614
2022-04-14,1.089657,1.092263,1.075859,1.089657
2022-04-15,1.082099,1.082345,1.079879,1.082099
2022-04-18,1.081525,1.081584,1.078365,1.081525
2022-04-19,1.078179,1.08121,1.076195,1.078179
2022-04-20,1.079447,1.08672,1.078481,1.079447
2022-04-21,1.084987,1.09347,1.082439,1.084987
2022-04-22,1.083518,1.085423,1.077284,1.083518
2022-04-25,1.081105,1.081221,1.070034,1.081105
2022-04-26,1.071421,1.073883,1.064464,1.071421
2022-04-27,1.064362,1.065644,1.051669,1.064362
2022-04-28,1.055509,1.056223,1.047285,1.055509
2022-04-29,1.05042,1.059042,1.05042,1.05042
2022-05-02,1.053596,1.05677,1.050398,1.053596
2022-05-03,1.050906,1.057765,1.049439,1.050906
2022-05-04,1.052853,1.056636,1.050652,1.052853
2022-05-05,1.062248,1.064,1.050464,1.062248
2022-05-06,1.053974,1.059839,1.048537,1.053974
2022-05-09,1.053219,1.057217,1.049659,1.053219
2022-05-10,1.05658,1.058582,1.052731,1.05658
2022-05-11,1.053297,1.057563,1.050707,1.053297
2022-05-12,1.051248,1.052975,1.037355,1.051248
2022-05-13,1.037958,1.041938,1.035197,1.037958
2022-05-16,1.040063,1.043798,1.039134,1.040063
2022-05-17,1.043896,1.055376,1.043242,1.043896
2022-05-18,1.054786,1.056412,1.049241,1.054786
2022-05-19,1.047274,1.059805,1.046605,1.047274
2022-05-20,1.057899,1.059883,1.054107,1.057899
2022-05-23,1.056982,1.069027,1.05687,1.056982
2022-05-24,1.068205,1.074633,1.0662,1.068205
2022-05-25,1.073653,1.073653,1.064407,1.073653
2022-05-26,1.068661,1.072869,1.06645,1.068661
2022-05-27,1.073295,1.076507,1.069805,1.073295
2022-05-30,1.073146,1.078516,1.072743,1.073146
2022-05-31,1.077354,1.077493,1.068216,1.077354
2022-06-01,1.073411,1.073664,1.063174,1.073411
2022-06-02,1.065417,1.073849,1.064566,1.065417
2022-06-03,1.075107,1.076542,1.070664,1.075107
2022-06-06,1.072605,1.075269,1.068604,1.072605
2022-06-07,1.069141,1.070893,1.06528,1.069141
2022-06-08,1.069862,1.07483,1.067327,1.069862
2022-06-09,1.071765,1.077006,1.064713,1.071765
2022-06-10,1.061921,1.064215,1.050773,1.061921
2022-06-13,1.048999,1.049759,1.041905,1.048999
2022-06-14,1.041515,1.04824,1.039825,1.041515
2022-06-15,1.044059,1.050718,1.038627,1.044059
2022-06-16,1.04562,1.053031,1.03826,1.04562
2022-06-17,1.054685,1.055175,1.044561,1.054685
2022-06-20,1.049142,1.054519,1.048636,1.049142
2022-06-21,1.052078,1.05819,1.051425,1.052078
2022-06-22,1.053264,1.060288,1.047186,1.053264
2022-06-23,1.056412,1.058067,1.048449,1.056412
2022-06-24,1.052011,1.056915,1.05137,1.052011
2022-06-27,1.056613,1.061425,1.055086,1.056613
2022-06-28,1.058089,1.060502,1.050575,1.058089
2022-06-29,1.052355,1.05363,1.046803,1.052355
2022-06-30,1.044659,1.047878,1.038389,1.044659
2022-07-01,1.047768,1.04779,1.036989,1.047768
2022-07-04,1.043395,1.046353,1.041808,1.043395
2022-07-05,1.043319,1.044856,1.02373,1.043319
2022-07-06,1.025767,1.02739,1.016219,1.025767
2022-07-07,1.018641,1.02192,1.015332,1.018641
2022-07-08,1.016984,1.019108,1.0079731,1.016984
2022-07-11,1.016611,1.016777,1.0054293,1.016611
2022-07-12,1.0047525,1.0073842,1.00011003,1.0047525
2022-07-13,1.0033109,1.011624,0.99988997,1.0033109
2022-07-14,1.0032706,1.0049241,0.99536163,1.0032706
2022-07-15,1.0025666,1.0097951,1.0010611,1.0025666
2022-07-18,1.0096319,1.019888,1.0082374,1.0096319
2022-07-19,1.014518,1.026821,1.012566,1.014518
2022-07-20,1.023133,1.02719,1.017594,1.023133
2022-07-21,1.018278,1.027538,1.016312,1.018278
2022-07-22,1.022108,1.025515,1.013397,1.022108
2022-07-25,1.020023,1.025641,1.01806,1.020023
2022-07-26,1.022495,1.024905,1.011398,1.022495
2022-07-27,1.012956,1.017191,1.010744,1.012956
2022-07-28,1.020929,1.023311,1.011572,1.020929
2022-07-29,1.019233,1.025378,1.014858,1.019233
2022-08-01,1.020825,1.027749,1.020825,1.020825
2022-08-02,1.026136,1.029315,1.018371,1.026136
2022-08-03,1.015569,1.020762,1.01232,1.015569
2022-08-04,1.015765,1.023248,1.0156,1.015765
2022-08-05,1.024779,1.024905,1.014363,1.024779
2022-08-08,1.017087,1.022181,1.016002,1.017087
2022-08-09,1.019763,1.024695,1.018921,1.019763
2022-08-10,1.020814,1.036914,1.020304,1.020814
2022-08-11,1.030078,1.036592,1.027633,1.030078
2022-08-12,1.031672,1.032738,1.023961,1.031672
2022-08-15,1.025641,1.026715,1.018226,1.025641
2022-08-16,1.016198,1.019441,1.01234,1.016198
2022-08-17,1.017066,1.019784,1.014806,1.017066
2022-08-18,1.018019,1.019368,1.011317,1.018019
2022-08-19,1.00899,1.011225,1.0036231,1.00899
2022-08-22,1.0035224,1.0048232,0.99277264,1.0035224
2022-08-23,0.99394679,1.0019037,0.99031466,0.99394679
2022-08-24,0.99669099,0.99982005,0.99119812,0.99669099
2022-08-25,0.99690956,1.0030594,0.99567872,0.99690956
2022-08-26,0.99712831,1.0088272,0.99472791,0.99712831
2022-08-29,0.99386781,1.0031096,0.99149305,0.99386781
2022-08-30,1.0014019,1.0052272,0.99834275,1.0014019
2022-08-31,1.0025063,1.0077394,0.997168,1.0025063
2022-09-01,1.0039052,1.0045809,0.99173886,1.0039052
2022-09-02,0.99523288,1.0033311,0.99512392,0.99523288
2022-09-05,0.99094278,0.9943521,0.98808366,0.99094278
2022-09-06,0.99522299,0.99853218,0.98651439,0.99522299
2022-09-07,0.98979515,0.99552011,0.98778117,0.98979515
2022-09-08,0.99957019,1.0029085,0.99334455,0.99957019
2022-09-09,1.0012015,1.011225,1.00093091,1.0012015
2022-09-12,1.0071406,1.01968,1.0064716,1.0071406
2022-09-13,1.012956,1.018745,0.9995802,1.012956
2022-09-14,0.99820328,1.0022751,0.99636334,0.99820328
2022-09-15,0.99840254,1.0017931,0.99574822,0.99840254
2022-09-16,0.99883133,1.0035627,0.99457955,0.99883133
2022-09-19,1.0022349,1.0028079,0.99668103,1.0022349
2022-09-20,1.0029588,1.0050251,0.99570847,1.0029588
2022-09-21,0.99707854,0.99740678,0.9869135,0.99707854
2022-09-22,0.98307151,0.99061882,0.9811039,0.98307151
2022-09-23,0.98415506,0.98522168,0.97039336,0.98415506
2022-09-26,0.96899229,0.96998852,0.95823079,0.96899229
2022-09-27,0.96237123,0.96700579,0.95945346,0.96237123
2022-09-28,0.95961916,0.9686262,0.95401639,0.95961916
2022-09-29,0.97081721,0.97873223,0.96382761,0.97081721
2022-09-30,0.98295557,0.98499852,0.97360557,0.98295557
2022-10-03,0.97926885,0.98442632,0.97536236,0.97926885
2022-10-04,0.98320687,0.99801397,0.98067105,0.98320687
2022-10-05,0.99843246,0.9994204,0.98354536,0.99843246
2022-10-06,0.99109989,0.99263471,0.97893333,0.99109989
2022-10-07,0.97890455,0.9816047,0.97316968,0.97890455
2022-10-10,0.97350127,0.97522914,0.96825111,0.97350127
2022-10-11,0.97100574,0.97580963,0.9673987,0.97100574
2022-10-12,0.97001678,0.97330225,0.96696836,0.97001678
2022-10-13,0.97079843,0.97950864,0.96359533,0.97079843
2022-10-14,0.97513402,0.98038256,0.97094923,0.97513402
2022-10-17,0.97393745,0.98470747,0.97245049,0.97393745
2022-10-18,0.98463964,0.98736179,0.98146021,0.98463964
2022-10-19,0.98638785,0.98669934,0.9760192,0.98638785
2022-10-20,0.97664827,0.98451358,0.97555262,0.97664827
2022-10-21,0.97788996,0.98569751,0.97073239,0.97788996
2022-10-24,0.98600858,0.98896313,0.98089224,0.98600858
2022-10-25,0.98865032,0.99753606,0.98522168,0.98865032
2022-10-26,0.99637312,1.0080544,0.99446082,0.99637312
2022-10-27,1.0091938,1.0094892,0.99764556,1.0091938
2022-10-28,0.9967804,0.99989998,0.99314731,0.9967804
2022-10-31,0.99550027,0.99681014,0.98735201,0.99550027
2022-11-01,0.98863077,0.99516344,0.98621273,0.98863077
2022-11-02,0.98779094,0.99135536,0.9867577,0.98779094
2022-11-03,0.9814409,0.98396146,0.97312242,0.9814409
2022-11-04,0.97496301,0.99381846,0.97484893,0.97496301
2022-11-07,0.99288106,1.00050032,0.99194545,0.99288106
2022-11-08,1.0018635,1.0094179,0.99760568,1.0018635
2022-11-09,1.0080848,1.0088781,1.0012516,1.0080848
2022-11-10,1.0019538,1.018299,0.99377888,1.0019538
2022-11-11,1.019222,1.033837,1.016622,1.019222
2022-11-14,1.032855,1.035025,1.027359,1.032855
2022-11-15,1.031928,1.047548,1.031385,1.031928
2022-11-16,1.035786,1.043732,1.033645,1.035786
2022-11-17,1.039501,1.040572,1.030949,1.039501
2022-11-18,1.036173,1.039587,1.032802,1.036173
2022-11-21,1.03309,1.033325,1.022704,1.03309
2022-11-22,1.024569,1.029018,1.024338,1.024569
2022-11-23,1.031109,1.038206,1.029813,1.031109
2022-11-24,1.041623,1.044823,1.038368,1.041623
2022-11-25,1.04081,1.042905,1.035615,1.04081
2022-11-28,1.036753,1.04967,1.034244,1.036753
2022-11-29,1.034554,1.039415,1.032546,1.034554
2022-11-30,1.03245,1.039458,1.02923,1.03245
2022-12-01,1.042535,1.053141,1.039793,1.042535
2022-12-02,1.052842,1.054519,1.043417,1.052842
2022-12-05,1.054419,1.059412,1.049241,1.054419
2022-12-06,1.049692,1.053208,1.047702,1.049692
2022-12-07,1.046901,1.054619,1.044376,1.046901
2022-12-08,1.051326,1.056312,1.049164,1.051326
2022-12-09,1.055966,1.05884,1.052,1.055966
2022-12-12,1.052222,1.057921,1.050707,1.052222
2022-12-13,1.054174,1.066894,1.052931,1.054174
2022-12-14,1.062665,1.066985,1.062011,1.062665
2022-12-15,1.067635,1.072559,1.060738,1.067635
2022-12-16,1.064056,1.066325,1.05994,1.064056
2022-12-19,1.058504,1.0659,1.05772,1.058504
2022-12-20,1.061458,1.065553,1.058067,1.061458
2022-12-21,1.062699,1.064351,1.059704,1.062699
2022-12-22,1.061008,1.065746,1.058403,1.061008
2022-12-23,1.060333,1.063117,1.058795,1.060333
2022-12-26,1.06678,1.06678,1.060895,1.06678
2022-12-27,1.064022,1.0669,1.061244,1.064022
2022-12-28,1.063717,1.06743,1.061391,1.063717
2022-12-29,1.062925,1.067019,1.061233,1.062925
2022-12-30,1.066075,1.069793,1.06392,1.066075
2023-01-02,1.070973,1.071237,1.065326,1.070973
2023-01-03,1.067771,1.068262,1.052155,1.067771
2023-01-04,1.054685,1.063151,1.054596,1.054685
2023-01-05,1.060637,1.063264,1.051558,1.060637
2023-01-06,1.052222,1.062225,1.048526,1.052222
2023-01-09,1.065632,1.075951,1.06528,1.065632
2023-01-10,1.073318,1.075685,1.071318,1.073318
2023-01-11,1.073895,1.07747,1.072685,1.073895
2023-01-12,1.0766,1.083835,1.073802,1.0766
2023-01-13,1.086024,1.086779,1.078063,1.086024
2023-01-16,1.082462,1.087548,1.080264,1.082462
2023-01-17,1.083013,1.086909,1.078702,1.083013
2023-01-18,1.079331,1.088447,1.076704,1.079331
2023-01-19,1.079785,1.083306,1.078295,1.079785
2023-01-20,1.083388,1.085658,1.080462,1.083388
2023-01-23,1.086472,1.091953,1.084752,1.086508
2023-01-24,1.087429,1.089681,1.083929,1.087429
2023-01-25,1.088815,1.092263,1.085812,1.088815
2023-01-26,1.092204,1.093255,1.085164,1.092204
2023-01-27,1.089443,1.090156,1.083882,1.089443
2023-01-30,1.087146,1.091501,1.085458,1.087146
2023-01-31,1.085069,1.086838,1.080415,1.085069
2023-02-01,1.086095,1.092443,1.085293,1.086095
2023-02-02,1.10129,1.10266,1.088767,1.10129
2023-02-03,1.090513,1.094068,1.081105,1.090513
2023-02-06,1.079086,1.08003,1.071834,1.079086
2023-02-07,1.073076,1.0746,1.066951,1.073076
2023-02-08,1.072973,1.076021,1.071685,1.072973
2023-02-09,1.071582,1.07904,1.071157,1.071582
2023-02-10,1.074229,1.075176,1.066928,1.074229
2023-02-13,1.067771,1.072501,1.065723,1.067771
2023-02-14,1.073042,1.079844,1.070996,1.073042
2023-02-15,1.073572,1.07446,1.066598,1.073572
2023-02-16,1.069176,1.072225,1.065575,1.069176
2023-02-17,1.066576,1.068148,1.06138,1.066576
2023-02-20,1.068444,1.070549,1.067156,1.068444
2023-02-21,1.068262,1.069564,1.064487,1.068262
2023-02-22,1.065201,1.066553,1.061909,1.065201
2023-02-23,1.06058,1.063038,1.058201,1.06058
2023-02-24,1.059805,1.061425,1.053774,1.059805
2023-02-27,1.055476,1.061864,1.053352,1.055476
2023-02-28,1.061121,1.0645,1.058235,1.061121
2023-03-01,1.057731,1.069107,1.056569,1.057731
2023-03-02,1.066894,1.06727,1.058347,1.066894
2023-03-03,1.059973,1.062925,1.059131,1.059973
2023-03-06,1.06262,1.069381,1.062304,1.06262
2023-03-07,1.068833,1.069633,1.057161,1.068833
2023-03-08,1.055075,1.057328,1.052665,1.055075
2023-03-09,1.054953,1.058649,1.053852,1.054953
2023-03-10,1.05847,1.069862,1.057574,1.05847
2023-03-13,1.068365,1.073722,1.065235,1.068365
2023-03-14,1.072501,1.074714,1.067965,1.072501
2023-03-15,1.072766,1.076009,1.052034,1.072766
2023-03-16,1.058335,1.063456,1.055509,1.058335
2023-03-17,1.061413,1.066963,1.061211,1.061413
2023-03-20,1.067886,1.073053,1.063242,1.067886
2023-03-21,1.071915,1.078725,1.070492,1.071915
2023-03-22,1.077424,1.080147,1.075951,1.077424
2023-03-23,1.087039,1.0929,1.086862,1.087039
2023-03-24,1.083506,1.0839,1.071892,1.083506
2023-03-27,1.077819,1.0796,1.074807,1.077819
2023-03-28,1.080707,1.0849,1.080404,1.080707
2023-03-29,1.083952,1.0872,1.082134,1.083952
2023-03-30,1.084363,1.092395,1.082696,1.084363
2023-03-31,1.090465,1.092586,1.086059,1.090465
2023-04-03,1.080334,1.091572,1.078935,1.080334
2023-04-04,1.091227,1.097165,1.088388,1.091227
2023-04-05,1.096011,1.096924,1.090536,1.096011
2023-04-06,1.090334,1.093016,1.088554,1.090334
2023-04-07,1.092013,1.092538,1.088104,1.092013
2023-04-10,1.091358,1.091822,1.083248,1.091358
2023-04-11,1.086933,1.092669,1.086803,1.086933
2023-04-12,1.091751,1.099856,1.091524,1.091751
2023-04-13,1.099989,1.1069,1.098165,1.099989
2023-04-14,1.10546,1.10754,1.097803,1.10546
2023-04-17,1.09866,1.099904,1.091072,1.09866
2023-04-18,1.092538,1.098346,1.092275,1.092538
2023-04-19,1.097538,1.09866,1.091834,1.097538
2023-04-20,1.095218,1.098901,1.093434,1.095218
2023-04-21,1.097093,1.099251,1.093972,1.097093
2023-04-24,1.099227,1.10342,1.096876,1.099227
2023-04-25,1.10595,1.10681,1.096924,1.10595
2023-04-26,1.097839,1.10941,1.096924,1.097839
2023-04-27,1.10473,1.10656,1.099421,1.10473
2023-04-28,1.1032,1.10437,1.096563,1.1032
2023-05-01,1.10109,1.10356,1.096696,1.10109
2023-05-02,1.096924,1.10052,1.094355,1.096924
2023-05-03,1.10109,1.10582,1.10059,1.10109
2023-05-04,1.10689,1.10914,1.098684,1.10689
2023-05-05,1.10229,1.1048,1.097165,1.10229
2023-05-08,1.10187,1.10534,1.10125,1.10187
2023-05-09,1.099614,1.10011,1.094403,1.099614
2023-05-10,1.096467,1.10047,1.094283,1.096467
2023-05-11,1.098406,1.099868,1.090132,1.098406
2023-05-12,1.091215,1.093518,1.085564,1.091215
2023-05-15,1.08527,1.089206,1.084858,1.08527
2023-05-16,1.08737,1.090358,1.08567,1.08737
2023-05-17,1.086567,1.087548,1.081163,1.086567
2023-05-18,1.083835,1.084952,1.076542,1.083835
2023-05-19,1.07754,1.082392,1.076102,1.07754
2023-05-22,1.082275,1.083072,1.079657,1.082275
2023-05-23,1.081105,1.082134,1.07638,1.081105
2023-05-24,1.076971,1.079937,1.074968,1.076971
2023-05-25,1.075732,1.075732,1.070996,1.075732
2023-05-26,1.072444,1.075755,1.070205,1.072444
2023-05-29,1.072306,1.074576,1.070629,1.072306
2023-05-30,1.070767,1.074576,1.067338,1.070767
2023-05-31,1.073307,1.073883,1.065167,1.073307
2023-06-01,1.069519,1.0754,1.066416,1.069519
2023-06-02,1.076079,1.077935,1.071811,1.076079
2023-06-05,1.069862,1.072271,1.067475,1.069862
2023-06-06,1.07118,1.073307,1.066735,1.07118
2023-06-07,1.069805,1.074022,1.066883,1.069805
2023-06-08,1.070744,1.078283,1.070217,1.070744
2023-06-09,1.078272,1.078749,1.074772,1.078272
2023-06-12,1.075095,1.07897,1.073434,1.075095
2023-06-13,1.076299,1.082251,1.076056,1.076299
2023-06-14,1.078935,1.085835,1.077575,1.078935
2023-06-15,1.084305,1.093853,1.080427,1.084305
2023-06-16,1.094595,1.0971,1.092013,1.094595
2023-06-19,1.094212,1.094931,1.0911,1.094212
2023-06-20,1.09243,1.094523,1.089455,1.09243
2023-06-21,1.092037,1.096131,1.090667,1.092037
2023-06-22,1.099264,1.10112,1.09511,1.099264
2023-06-23,1.09589,1.09589,1.084505,1.09589
2023-06-26,1.090667,1.09218,1.088815,1.090667
2023-06-27,1.091048,1.09761,1.090322,1.091048
2023-06-28,1.095722,1.096251,1.089966,1.095722
2023-06-29,1.091584,1.094068,1.086236,1.091584
2023-06-30,1.086803,1.093374,1.083647,1.086803
2023-07-03,1.09075,1.093135,1.087181,1.09075
2023-07-04,1.09131,1.091822,1.089075,1.09131
2023-07-05,1.088495,1.09062,1.086508,1.088495
2023-07-06,1.085658,1.090156,1.083435,1.085658
2023-07-07,1.089064,1.096467,1.086862,1.089064
2023-07-10,1.096972,1.099276,1.094451,1.096972
2023-07-11,1.10059,1.10256,1.097864,1.10059
2023-07-12,1.10141,1.11259,1.10129,1.10141
2023-07-13,1.11445,1.11962,1.11307,1.11445
2023-07-14,1.12235,1.12448,1.12061,1.12235
2023-07-17,1.12278,1.12511,1.12055,1.12278
2023-07-18,1.12376,1.12757,1.12201,1.12376
2023-07-19,1.12289,1.12397,1.11763,1.12289
2023-07-20,1.12052,1.12296,1.11331,1.12052
2023-07-21,1.11371,1.1147,1.11096,1.11371
2023-07-24,1.11253,1.1145,1.10688,1.11253
2023-07-25,1.10632,1.10889,1.10221,1.10632
2023-07-26,1.10505,1.10865,1.10384,1.10505
2023-07-27,1.10784,1.1152,1.098491,1.10784
2023-07-28,1.097876,1.10468,1.094703,1.097876
2023-07-31,1.10243,1.10455,1.10062,1.10243
2023-08-01,1.099759,1.10023,1.095446,1.099759
2023-08-02,1.10079,1.10079,1.091977,1.10079
2023-08-03,1.094415,1.095398,1.091358,1.094415
2023-08-04,1.095158,1.10409,1.093625,1.095158
2023-08-07,1.10027,1.1012,1.096611,1.10027
2023-08-08,1.10032,1.10098,1.093099,1.10032
2023-08-09,1.09589,1.099433,1.09559,1.09589
2023-08-10,1.097767,1.10584,1.096804,1.097767
2023-08-11,1.098165,1.10044,1.095182,1.098165
2023-08-14,1.094439,1.096035,1.087749,1.094439
2023-08-15,1.090988,1.094966,1.090085,1.090988
2023-08-16,1.090417,1.09347,1.089776,1.090417
2023-08-17,1.087488,1.091727,1.086236,1.087488
2023-08-18,1.087465,1.089562,1.084646,1.087465
2023-08-21,1.087559,1.091358,1.087063,1.087559
2023-08-22,1.089835,1.0932,1.0834,1.089835
2023-08-23,1.084669,1.087051,1.080299,1.084669
2023-08-24,1.086579,1.08769,1.081549,1.086579
2023-08-25,1.079914,1.083976,1.07667,1.079914
2023-08-28,1.079739,1.082134,1.079739,1.079739
2023-08-29,1.082556,1.08567,1.078353,1.082556
2023-08-30,1.086921,1.094547,1.085611,1.086921
2023-08-31,1.093255,1.093972,1.083717,1.093255
2023-09-01,1.08441,1.08808,1.078586,1.08441
2023-09-04,1.077586,1.080906,1.0774,1.077586
2023-09-05,1.079447,1.079914,1.070755,1.079447
2023-09-06,1.072616,1.074818,1.070515,1.072616
2023-09-07,1.07242,1.073422,1.068764,1.07242
2023-09-08,1.069782,1.074206,1.069507,1.069782
2023-09-11,1.071811,1.075685,1.071146,1.071811
2023-09-12,1.075038,1.076264,1.070618,1.075038
2023-09-13,1.075327,1.076542,1.071742,1.075327
2023-09-14,1.073422,1.0755,1.065507,1.073422
2023-09-15,1.063717,1.068764,1.063468,1.063717
2023-09-18,1.066826,1.069816,1.065632,1.066826
2023-09-19,1.069267,1.071926,1.067635,1.069267
2023-09-20,1.068205,1.072697,1.067578,1.068205
2023-09-21,1.065303,1.067361,1.061909,1.065303
2023-09-22,1.066155,1.067156,1.061526,1.066155
2023-09-25,1.064849,1.065542,1.057731,1.064849
2023-09-26,1.059165,1.060895,1.056814,1.059165
2023-09-27,1.056948,1.057373,1.050906,1.056948
2023-09-28,1.050531,1.057865,1.049186,1.050531
2023-09-29,1.056245,1.061797,1.055855,1.056245
2023-10-02,1.056524,1.059098,1.049274,1.056524
2023-10-03,1.048075,1.049428,1.044987,1.048075
2023-10-04,1.04723,1.053241,1.045369,1.04723
2023-10-05,1.050707,1.053685,1.050089,1.050707
2023-10-06,1.054663,1.059816,1.048394,1.054663
2023-10-09,1.056747,1.057641,1.052144,1.056747
2023-10-10,1.057888,1.061954,1.055598,1.057888
2023-10-11,1.060479,1.063355,1.059277,1.060479
2023-10-12,1.062428,1.063909,1.054596,1.062428
2023-10-13,1.053674,1.055855,1.049615,1.053674
2023-10-16,1.052155,1.055465,1.051635,1.052155
2023-10-17,1.055431,1.0595,1.053341,1.055431
2023-10-18,1.057306,1.059547,1.052709,1.057306
2023-10-19,1.053852,1.058537,1.052886,1.053852
2023-10-20,1.058649,1.060108,1.05658,1.058649
2023-10-23,1.058997,1.064736,1.057183,1.058997
2023-10-24,1.066985,1.06905,1.058425,1.066985
2023-10-25,1.059535,1.06067,1.05668,1.059535
2023-10-26,1.056725,1.056971,1.052632,1.056725
2023-10-27,1.056446,1.059771,1.05363,1.056446
2023-10-30,1.056245,1.0626,1.054841,1.056245
2023-10-31,1.061504,1.066906,1.056759,1.061504
2023-11-01,1.05791,1.058078,1.052288,1.05791
2023-11-02,1.058705,1.067008,1.058425,1.058705
2023-11-03,1.061909,1.0737,1.061549,1.061909
2023-11-06,1.073215,1.0757,1.07234,1.073215
2023-11-07,1.072156,1.072156,1.066473,1.072156
2023-11-08,1.06961,1.071605,1.066064,1.06961
2023-11-09,1.071042,1.0728,1.068148,1.071042
2023-11-10,1.066758,1.069256,1.065769,1.066758
2023-11-13,1.069016,1.070549,1.066553,1.069016
2023-11-14,1.070183,1.08672,1.069359,1.070183
2023-11-15,1.087831,1.088732,1.083295,1.087831
2023-11-16,1.085458,1.089396,1.083095,1.085458
2023-11-17,1.085376,1.08923,1.08252,1.085376
2023-11-20,1.090703,1.094511,1.0898,1.090703
2023-11-21,1.094595,1.096732,1.092299,1.094595
2023-11-22,1.091822,1.092252,1.085458,1.091822
2023-11-23,1.089087,1.092705,1.088803,1.089087
2023-11-24,1.090631,1.094415,1.089562,1.090631
2023-11-27,1.094044,1.095926,1.092586,1.094044
2023-11-28,1.095842,1.10072,1.093506,1.095842
2023-11-29,1.10059,1.10169,1.096119,1.10059
2023-11-30,1.09737,1.098539,1.089491,1.09737
2023-12-01,1.089206,1.091346,1.083154,1.089206
2023-12-04,1.088815,1.088815,1.080567,1.088815
2023-12-05,1.083776,1.084834,1.07826,1.083776
2023-12-06,1.079366,1.080369,1.077319,1.079366
2023-12-07,1.07667,1.07968,1.075766,1.07667
2023-12-08,1.079214,1.080054,1.073146,1.079214
2023-12-11,1.076577,1.077935,1.074322,1.076577
2023-12-12,1.076658,1.082204,1.076183,1.076658
2023-12-13,1.079867,1.080824,1.0774,1.079867
2023-12-14,1.088613,1.10041,1.088021,1.088613
2023-12-15,1.09936,1.10059,1.090227,1.09936
2023-12-18,1.089526,1.093004,1.089455,1.089526
2023-12-19,1.092383,1.0988,1.091608,1.092383
2023-12-20,1.098105,1.098105,1.093565,1.098105
2023-12-21,1.094571,1.099977,1.093625,1.094571
2023-12-22,1.10062,1.10406,1.099421,1.10062
2023-12-25,1.10266,1.10424,1.099989,1.10266
2023-12-26,1.10203,1.104,1.10096,1.10203
2023-12-27,1.1043,1.11225,1.10292,1.1043
2023-12-28,1.11086,1.11395,1.1071,1.11086
2023-12-29,1.10682,1.10865,1.10433,1.10682
2024-01-01,1.10558,1.10558,1.104,1.10558
2024-01-02,1.10387,1.10461,1.0942,1.10387
2024-01-03,1.094176,1.0967,1.089871,1.094176
2024-01-04,1.092777,1.097021,1.091703,1.092777
2024-01-05,1.094739,1.099638,1.087985,1.094739
2024-01-08,1.094224,1.097815,1.092454,1.094224
2024-01-09,1.09517,1.096732,1.091262,1.09517
2024-01-10,1.093243,1.096972,1.092335,1.093243
2024-01-11,1.097514,1.099143,1.093147,1.097514
2024-01-12,1.098165,1.09866,1.093709,1.098165
2024-01-15,1.094571,1.09589,1.09341,1.094571
2024-01-16,1.094571,1.094667,1.086708,1.094571
2024-01-17,1.087879,1.088495,1.08454,1.087879
2024-01-18,1.088578,1.09075,1.084869,1.088578
2024-01-19,1.087914,1.089265,1.086827,1.087914
2024-01-22,1.08923,1.090988,1.088033,1.08923
2024-01-23,1.088021,1.091822,1.082427,1.088021
2024-01-24,1.085788,1.093147,1.085187,1.085788
2024-01-25,1.088175,1.090037,1.082614,1.088175
2024-01-26,1.084705,1.088329,1.081338,1.084705
2024-01-29,1.084352,1.084975,1.079715,1.084352
2024-01-30,1.083447,1.085564,1.081268,1.083447
2024-01-31,1.08434,1.088566,1.080766,1.08434
2024-02-01,1.080392,1.086555,1.078028,1.080392
2024-02-02,1.087465,1.0898,1.078307,1.087465
2024-02-05,1.078004,1.078749,1.072466,1.078004
2024-02-06,1.074183,1.07631,1.072455,1.074183
2024-02-07,1.07572,1.078435,1.075639,1.07572
2024-02-08,1.077575,1.078981,1.07431,1.077575
2024-02-09,1.077726,1.079447,1.076391,1.077726
2024-02-12,1.07982,1.080544,1.075766,1.07982
2024-02-13,1.077226,1.079564,1.070205,1.077226
2024-02-14,1.070893,1.073445,1.069553,1.070893
2024-02-15,1.073215,1.078632,1.072524,1.073215
2024-02-16,1.077389,1.078051,1.073445,1.077389
2024-02-19,1.078446,1.078981,1.076299,1.078493
2024-02-20,1.07754,1.083858,1.076252,1.07754
2024-02-21,1.081315,1.082251,1.079191,1.081315
2024-02-22,1.08204,1.088625,1.080509,1.08204
2024-02-23,1.082567,1.08394,1.081373,1.082567
2024-02-26,1.081958,1.085906,1.081338,1.082005
2024-02-27,1.085093,1.086614,1.083365,1.085093
2024-02-28,1.084481,1.084716,1.079867,1.084481
2024-02-29,1.083882,1.085588,1.080567,1.083882
2024-03-01,1.080497,1.084152,1.079925,1.080497
2024-03-04,1.084269,1.086649,1.083858,1.084269
2024-03-05,1.085517,1.087536,1.084269,1.085517
2024-03-06,1.0856,1.091405,1.084293,1.0856
2024-03-07,1.089954,1.094092,1.086933,1.089954
2024-03-08,1.095014,1.097803,1.092705,1.095014
2024-03-11,1.094296,1.09505,1.091465,1.094296
2024-03-12,1.093135,1.094212,1.090322,1.093135
2024-03-13,1.092777,1.094931,1.092049,1.092777
2024-03-14,1.09553,1.09553,1.088412,1.09553
2024-03-15,1.088341,1.090156,1.087382,1.088341
2024-03-18,1.088258,1.09075,1.08808,1.088258
2024-03-19,1.087394,1.087784,1.083506,1.087394
2024-03-20,1.086331,1.087429,1.083694,1.086331
2024-03-21,1.093721,1.094451,1.085647,1.093721
2024-03-22,1.086236,1.086957,1.080906,1.086236
2024-03-25,1.080754,1.084363,1.080264,1.080754
2024-03-26,1.083823,1.086413,1.082603,1.083823
2024-03-27,1.083236,1.083929,1.081175,1.083236
2024-03-28,1.081338,1.082837,1.077551,1.081338
2024-03-29,1.079447,1.080731,1.07689,1.079447
2024-04-01,1.079273,1.080147,1.073157,1.079273
2024-04-02,1.073722,1.077877,1.072536,1.073722
2024-04-03,1.076855,1.083189,1.076473,1.076855
2024-04-04,1.083835,1.087583,1.083506,1.083835
2024-04-05,1.083705,1.084846,1.079168,1.083705
2024-04-08,1.083048,1.085835,1.082157,1.083048
2024-04-09,1.086366,1.08885,1.084987,1.086366
2024-04-10,1.08593,1.086838,1.073376,1.08593
2024-04-11,1.074172,1.075581,1.070045,1.074172
2024-04-12,1.072685,1.072961,1.062372,1.072685
2024-04-15,1.064963,1.066553,1.062361,1.064963
2024-04-16,1.062575,1.065405,1.060412,1.062575
2024-04-17,1.062146,1.065269,1.060817,1.062146
2024-04-18,1.06694,1.069176,1.064781,1.06694
2024-04-19,1.064419,1.068034,1.061177,1.064419
2024-04-22,1.06578,1.067122,1.062507,1.065825
2024-04-23,1.065405,1.070996,1.063932,1.065405
2024-04-24,1.070435,1.071582,1.06792,1.070435
2024-04-25,1.069988,1.073192,1.067874,1.069988
2024-04-26,1.072961,1.075292,1.067555,1.072961
2024-04-29,1.070687,1.073537,1.069096,1.070687
2024-04-30,1.07157,1.073653,1.068433,1.07157
2024-05-01,1.066655,1.068867,1.065008,1.066655
2024-05-02,1.072156,1.073076,1.067578,1.072156
2024-05-03,1.073307,1.080941,1.072501,1.073307
2024-05-06,1.075812,1.079214,1.075639,1.075812
2024-05-07,1.076751,1.078981,1.075581,1.076751
2024-05-08,1.075049,1.075847,1.073572,1.075049
2024-05-09,1.074691,1.078283,1.072513,1.074691
2024-05-10,1.078516,1.079331,1.076206,1.078516
2024-05-13,1.077041,1.080731,1.076646,1.077041
2024-05-14,1.079354,1.082837,1.077644,1.079354
2024-05-15,1.081455,1.087429,1.081362,1.081455
2024-05-16,1.088981,1.089681,1.085517,1.088981
2024-05-17,1.086779,1.087891,1.083635,1.086779
2024-05-20,1.087548,1.088495,1.085505,1.087548
2024-05-21,1.086083,1.087548,1.084599,1.086083
2024-05-22,1.085517,1.086484,1.082251,1.085517
2024-05-23,1.08252,1.08613,1.081303,1.08252
2024-05-24,1.081268,1.085658,1.080614,1.081268
2024-05-27,1.084763,1.08672,1.084175,1.084763
2024-05-28,1.086189,1.088945,1.085906,1.086189
2024-05-29,1.085187,1.085894,1.080953,1.085187
2024-05-30,1.080182,1.084599,1.0789,1.080182
2024-05-31,1.083541,1.088258,1.081163,1.083541
2024-06-03,1.085305,1.089087,1.082802,1.085305
2024-06-04,1.090739,1.091822,1.086071,1.090739
2024-06-05,1.088187,1.088992,1.086095,1.088187
2024-06-06,1.087453,1.089871,1.086366,1.087453
2024-06-07,1.089443,1.09018,1.080497,1.089443
2024-06-10,1.077888,1.078283,1.073364,1.077888
2024-06-11,1.076426,1.077354,1.07211,1.076426
2024-06-12,1.074033,1.085175,1.073503,1.074033
2024-06-13,1.081315,1.081783,1.075384,1.081315
2024-06-14,1.073883,1.074576,1.066815,1.073883
2024-06-17,1.070217,1.072616,1.068764,1.070217
2024-06-18,1.074068,1.076125,1.071111,1.074068
2024-06-19,1.074229,1.075327,1.072628,1.074229
2024-06-20,1.075153,1.075153,1.070755,1.075153
2024-06-21,1.070641,1.072271,1.06719,1.070641
2024-06-24,1.068776,1.074703,1.068444,1.068776
2024-06-25,1.073272,1.074576,1.069221,1.073272
2024-06-26,1.070962,1.072041,1.066769,1.070962
2024-06-27,1.068011,1.072616,1.067783,1.068011
2024-06-28,1.070847,1.072099,1.068604,1.070847
2024-07-01,1.073526,1.077819,1.072076,1.073526
2024-07-02,1.07371,1.07461,1.071065,1.07371
2024-07-03,1.074841,1.08156,1.07371,1.074841
2024-07-04,1.079331,1.081666,1.078423,1.079331
2024-07-05,1.081069,1.083835,1.081069,1.081069
2024-07-08,1.082603,1.084716,1.081514,1.082603
2024-07-09,1.083095,1.083424,1.080625,1.083095
2024-07-10,1.081479,1.082872,1.081186,1.081479
2024-07-11,1.08333,1.089835,1.083295,1.08333
2024-07-12,1.087276,1.091119,1.086307,1.087276
2024-07-15,1.088554,1.092192,1.088435,1.088554
2024-07-16,1.090156,1.090631,1.087216,1.090156
2024-07-17,1.090251,1.094715,1.089633,1.090251
2024-07-18,1.09402,1.094212,1.090536,1.09402
2024-07-19,1.090156,1.090156,1.087737,1.090156
2024-07-22,1.089918,1.090156,1.08737,1.089918
2024-07-23,1.088981,1.090037,1.084446,1.088981
2024-07-24,1.085069,1.086649,1.082673,1.085069
2024-07-25,1.083952,1.086437,1.082931,1.083952
2024-07-26,1.085128,1.08685,1.084269,1.085128
2024-07-29,1.085376,1.087193,1.08031,1.085376
2024-07-30,1.081947,1.083776,1.079995,1.081947
2024-07-31,1.081607,1.085187,1.080871,1.081607
2024-08-01,1.082392,1.083776,1.07783,1.082392
2024-08-02,1.07876,1.092622,1.078295,1.07876
2024-08-05,1.091084,1.10074,1.089372,1.091084
2024-08-06,1.095098,1.096311,1.090465,1.095098
2024-08-07,1.092622,1.093637,1.090691,1.092622
2024-08-08,1.092813,1.094691,1.088234,1.092813
2024-08-09,1.091572,1.093135,1.090965,1.091572
2024-08-12,1.091381,1.093972,1.091334,1.091381
2024-08-13,1.093625,1.096251,1.091572,1.093625
2024-08-14,1.099699,1.10485,1.098829,1.099699
2024-08-15,1.10132,1.10169,1.09505,1.10132
2024-08-16,1.097273,1.10044,1.097273,1.097273
2024-08-19,1.1025,1.10726,1.10239,1.1025
2024-08-20,1.10865,1.11173,1.10725,1.10865
2024-08-21,1.11279,1.11483,1.11056,1.11279
2024-08-22,1.11554,1.11575,1.10993,1.11554
2024-08-23,1.11172,1.1196,1.11068,1.11172
2024-08-26,1.11879,1.12011,1.11529,1.11879
2024-08-27,1.11647,1.11796,1.11513,1.11647
2024-08-28,1.11779,1.11819,1.11054,1.11779
2024-08-29,1.1125,1.11402,1.10563,1.1125
2024-08-30,1.10805,1.10957,1.1054,1.10805
2024-09-02,1.10448,1.10776,1.10425,1.10448
2024-09-03,1.10675,1.10705,1.10338,1.10675
2024-09-04,1.10489,1.1094,1.10408,1.10489
2024-09-05,1.10805,1.11211,1.10752,1.10805
2024-09-06,1.11111,1.11496,1.10672,1.11111
2024-09-09,1.10872,1.10914,1.1035,1.10872
2024-09-10,1.10375,1.10503,1.10162,1.10375
2024-09-11,1.1021,1.1055,1.10028,1.1021
2024-09-12,1.10109,1.10475,1.10065,1.10109
2024-09-13,1.10779,1.11025,1.1074,1.10779
2024-09-16,1.10884,1.11354,1.10871,1.10884
2024-09-17,1.11295,1.11462,1.11131,1.11295
2024-09-18,1.11231,1.11408,1.11091,1.11231
2024-09-19,1.11148,1.11807,1.10705,1.11148
2024-09-20,1.1162,1.11817,1.11373,1.1162
2024-09-23,1.11608,1.11682,1.10849,1.11608
2024-09-24,1.11117,1.11635,1.1104,1.11117
2024-09-25,1.11912,1.12124,1.11417,1.11912
2024-09-26,1.1131,1.11896,1.11268,1.1131
2024-09-27,1.11772,1.11998,1.11266,1.11772
2024-09-30,1.11698,1.12084,1.11361,1.11698
2024-10-01,1.11366,1.11458,1.10611,1.11366
2024-10-02,1.10639,1.10822,1.10341,1.10639
2024-10-03,1.10485,1.10485,1.10096,1.10485
2024-10-04,1.10356,1.104,1.095614,1.10356
2024-10-07,1.097454,1.098503,1.095554,1.097454
2024-10-08,1.097574,1.099747,1.096167,1.097574
2024-10-09,1.097574,1.098056,1.094068,1.097574
2024-10-10,1.094331,1.095446,1.091405,1.094331
2024-10-11,1.093386,1.095422,1.092741,1.093386
2024-10-14,1.092538,1.093972,1.090572,1.092538
2024-10-15,1.090917,1.091822,1.088578,1.090917
2024-10-16,1.088412,1.090156,1.086815,1.088412
2024-10-17,1.086248,1.086992,1.081385,1.086248
2024-10-18,1.082954,1.086366,1.082825,1.082954
2024-10-21,1.086862,1.086957,1.082111,1.086862
2024-10-22,1.081783,1.083776,1.080194,1.081783
2024-10-23,1.079727,1.080847,1.076264,1.079727
2024-10-24,1.078051,1.081023,1.077157,1.078051
2024-10-25,1.082415,1.084246,1.081186,1.082415
2024-10-28,1.079657,1.08272,1.078272,1.079657
2024-10-29,1.081677,1.082626,1.077041,1.081677
2024-10-30,1.082064,1.086673,1.080999,1.082064
2024-10-31,1.085918,1.088838,1.084505,1.085918
2024-11-01,1.088613,1.090405,1.084846,1.088613
2024-11-04,1.087453,1.091584,1.087039,1.087453
2024-11-05,1.087406,1.09218,1.087335,1.087406
2024-11-06,1.093446,1.093446,1.068376,1.093446
2024-11-07,1.073307,1.082603,1.071409,1.073307
2024-11-08,1.079517,1.079739,1.071042,1.079517
2024-11-11,1.07149,1.072846,1.06288,1.07149
2024-11-12,1.066439,1.066439,1.059704,1.066439
2024-11-13,1.061673,1.064906,1.055977,1.061673
2024-11-14,1.056412,1.058089,1.049924,1.056412
2024-11-15,1.053008,1.059165,1.052443,1.053008
2024-11-18,1.053375,1.058649,1.053119,1.053375
2024-11-19,1.05949,1.060108,1.052853,1.05949
2024-11-20,1.06076,1.061233,1.050851,1.06076
2024-11-21,1.054619,1.055743,1.046912,1.054619
2024-11-22,1.046934,1.049869,1.033987,1.046934
2024-11-25,1.047987,1.052964,1.044954,1.047987
2024-11-26,1.04443,1.054385,1.042731,1.04443
2024-11-27,1.04912,1.058347,1.047548,1.04912
2024-11-28,1.056245,1.056524,1.05292,1.056245
2024-11-29,1.056301,1.059547,1.054296,1.056301
2024-12-02,1.054574,1.054574,1.046222,1.054507
2024-12-03,1.050122,1.053031,1.048185,1.050122
2024-12-04,1.051083,1.054007,1.047395,1.051083
2024-12-05,1.051414,1.058828,1.050895,1.051414
2024-12-06,1.05856,1.062643,1.054608,1.05856
2024-12-09,1.056546,1.059277,1.053308,1.056546
2024-12-10,1.05552,1.056747,1.050034,1.05552
2024-12-11,1.053297,1.054074,1.048163,1.053297
2024-12-12,1.050685,1.052997,1.046485,1.050685
2024-12-13,1.047406,1.052299,1.045435,1.047406
2024-12-16,1.051005,1.05241,1.047504,1.051005
2024-12-17,1.051735,1.053286,1.047998,1.051735
2024-12-18,1.049505,1.051525,1.046781,1.049505
2024-12-19,1.035025,1.04222,1.035025,1.035025
2024-12-20,1.036495,1.043308,1.034426,1.036495
2024-12-23,1.043308,1.044823,1.038594,1.043308
2024-12-24,1.040583,1.041124,1.038745,1.040583
2024-12-25,1.040258,1.043297,1.04015,1.040258
2024-12-26,1.039955,1.042535,1.039145,1.039955
2024-12-27,1.042318,1.044495,1.040669,1.042318
2024-12-30,1.042938,1.04585,1.03742,1.042938
2024-12-31,1.040615,1.042427,1.034854,1.040615
2025-01-02,1.035186,1.03756,1.023185,1.035186
2025-01-03,1.026821,1.030535,1.026546,1.026821
2025-01-06,1.030535,1.043504,1.029633,1.030535
2025-01-07,1.038637,1.043623,1.035947,1.038637
2025-01-08,1.034554,1.03584,1.027675,1.034554
2025-01-09,1.03147,1.032311,1.028616,1.03147
2025-01-10,1.02976,1.031194,1.022119,1.02976
2025-01-13,1.024443,1.025021,1.018382,1.024443
2025-01-14,1.026525,1.030397,1.023971,1.026525
2025-01-15,1.030684,1.035025,1.027063,1.030684
2025-01-16,1.029527,1.031151,1.026378,1.029527
2025-01-17,1.030195,1.032972,1.026652,1.030195
2025-01-20,1.027739,1.042731,1.027739,1.027739
2025-01-21,1.042068,1.043406,1.034458,1.042068
2025-01-22,1.040594,1.045806,1.040074,1.040594
2025-01-23,1.041016,1.042546,1.038562,1.041016
2025-01-24,1.041602,1.051934,1.04132,1.041602
2025-01-27,1.046759,1.053375,1.045435,1.046759
2025-01-28,1.044506,1.045577,1.041526,1.044506
2025-01-29,1.042905,1.044495,1.038346,1.042905
2025-01-30,1.042525,1.046551,1.039134,1.042525
2025-01-31,1.039728,1.041233,1.036205,1.039728
2025-02-03,1.024779,1.032652,1.021304,1.024779
2025-02-04,1.032738,1.03868,1.027654,1.032738
2025-02-05,1.03728,1.043645,1.037043,1.03728
2025-02-06,1.040085,1.040529,1.035454,1.040085
2025-02-07,1.038573,1.040594,1.032461,1.038573
2025-02-10,1.031162,1.033602,1.029951,1.031162
2025-02-11,1.030153,1.035197,1.029273,1.030153
2025-02-12,1.036495,1.039566,1.031821,1.036495
2025-02-13,1.039199,1.044572,1.037926,1.039199
2025-02-14,1.046167,1.05137,1.044812,1.046167
2025-02-17,1.048922,1.050707,1.046737,1.048922
2025-02-18,1.048537,1.048647,1.044277,1.048537
2025-02-19,1.044834,1.046244,1.040507,1.044834
2025-02-20,1.042101,1.047878,1.041971,1.042101
2025-02-21,1.050056,1.050751,1.044998,1.050056
2025-02-24,1.047482,1.052864,1.045435,1.047482
2025-02-25,1.046134,1.051845,1.045795,1.046134
2025-02-26,1.05241,1.052742,1.047647,1.05241
2025-02-27,1.048878,1.048988,1.040485,1.048878
2025-02-28,1.039512,1.042101,1.038184,1.039512
2025-03-03,1.041385,1.050023,1.039047,1.041385
2025-03-04,1.048504,1.055955,1.047175,1.048504
2025-03-05,1.062699,1.078586,1.060288,1.062699
2025-03-06,1.079494,1.085105,1.078249,1.079494
2025-03-07,1.078795,1.088566,1.078214,1.078795
2025-03-10,1.086059,1.087347,1.080625,1.086059
2025-03-11,1.08394,1.093028,1.083682,1.08394
2025-03-12,1.091417,1.093458,1.087725,1.091417
2025-03-13,1.088625,1.089918,1.082298,1.088625
2025-03-14,1.085564,1.091012,1.08313,1.085564
2025-03-17,1.088127,1.092896,1.086921,1.088127
2025-03-18,1.091918,1.095446,1.089704,1.091918
2025-03-19,1.093948,1.094571,1.087595,1.093948
2025-03-20,1.091191,1.091751,1.08183,1.091191
2025-03-21,1.08567,1.08613,1.080567,1.08567
2025-03-24,1.083576,1.085694,1.079075,1.083576
2025-03-25,1.080357,1.083072,1.077865,1.080357
2025-03-26,1.078749,1.080229,1.076878,1.078749
2025-03-27,1.074206,1.081876,1.074206,1.074206
2025-03-28,1.0801,1.084528,1.076589,1.0801
2025-03-31,1.082392,1.084846,1.078574,1.082392
2025-04-01,1.081888,1.083072,1.077958,1.081888
2025-04-02,1.079599,1.087264,1.078202,1.079599
2025-04-03,1.090869,1.11334,1.088246,1.090869
2025-04-04,1.10437,1.11075,1.096479,1.10437
2025-04-07,1.098454,1.10498,1.090322,1.098454
2025-04-08,1.091536,1.099191,1.089194,1.091536
2025-04-09,1.098044,1.10948,1.097225,1.098044
2025-04-10,1.095206,1.12254,1.095206,1.095206
2025-04-11,1.12578,1.14718,1.12509,1.12578
2025-04-14,1.13431,1.14248,1.12997,1.13431
2025-04-15,1.13397,1.13779,1.12857,1.13397
2025-04-16,1.12927,1.13902,1.12927,1.12927
2025-04-17,1.13968,1.13968,1.13413,1.13968
2025-04-22,1.15128,1.15465,1.1454,1.15128
2025-04-23,1.13513,1.14401,1.1338,1.13513
2025-04-24,1.13273,1.13943,1.13223,1.13273
2025-04-25,1.13719,1.13843,1.13162,1.13719
2025-04-28,1.13431,1.14082,1.13311,1.13431
2025-04-29,1.14091,1.14196,1.13714,1.14091
2025-04-30,1.13893,1.13989,1.13271,1.13893
2025-05-01,1.13249,1.1341,1.1267,1.13249
2025-05-02,1.12965,1.13786,1.12752,1.12965
2025-05-05,1.13232,1.13645,1.13129,1.13232
2025-05-06,1.13134,1.13612,1.12812,1.13134
2025-05-07,1.13428,1.13777,1.13271,1.13428
2025-05-08,1.13062,1.13367,1.12361,1.13062
2025-05-09,1.12242,1.12911,1.11998,1.12242
2025-05-12,1.12296,1.12429,1.10751,1.12296
2025-05-13,1.10956,1.11774,1.10956,1.10956
2025-05-14,1.11856,1.12646,1.11824,1.11856
2025-05-15,1.11819,1.12278,1.11748,1.11819
2025-05-16,1.11927,1.12199,1.11414,1.11927
2025-05-19,1.11876,1.1286,1.11736,1.11876
2025-05-20,1.12334,1.12773,1.12187,1.12334
2025-05-21,1.1288,1.13623,1.12874,1.1288
2025-05-22,1.13312,1.13446,1.12671,1.13312
2025-05-23,1.12818,1.13766,1.12799,1.12818
2025-05-26,1.13728,1.14189,1.13693,1.13728
2025-05-27,1.13885,1.1409,1.13252,1.13885
2025-05-28,1.13371,1.13456,1.12843,1.13371
2025-05-29,1.12337,1.13695,1.12271,1.12337
2025-05-30,1.13784,1.13904,1.13144,1.13784
2025-06-02,1.13533,1.14491,1.13533,1.13533
2025-06-03,1.14534,1.14551,1.13676,1.14534
2025-06-04,1.13845,1.14346,1.13594,1.13845
2025-06-05,1.1422,1.14943,1.14061,1.1422
2025-06-06,1.14538,1.14587,1.13723,1.14538
2025-06-09,1.14078,1.14403,1.13876,1.14078
2025-06-10,1.1428,1.14483,1.13746,1.1428
2025-06-11,1.14375,1.1491,1.1406,1.14375
2025-06-12,1.15093,1.16287,1.15028,1.15093
2025-06-13,1.16003,1.16121,1.14929,1.16003
2025-06-16,1.15567,1.16148,1.15249,1.15567
2025-06-17,1.15513,1.15741,1.15125,1.15513
2025-06-18,1.14826,1.153,1.14824,1.14826
2025-06-19,1.14775,1.14869,1.14485,1.14775
2025-06-20,1.15128,1.15346,1.14961,1.15128
2025-06-23,1.15009,1.15517,1.14555,1.15009
2025-06-24,1.1599,1.16359,1.15829,1.1599
2025-06-25,1.16122,1.16314,1.1591,1.16122
2025-06-26,1.16837,1.17434,1.16686,1.16837
2025-06-27,1.16922,1.17509,1.16843,1.16922
2025-06-28,1.17165,1.17165,1.17165,1.17165
2025-06-30,1.17275,1.17716,1.17091,1.17275
2025-07-01,1.17872,1.18303,1.17678,1.17872
2025-07-02,1.18055,1.18103,1.17464,1.17982
2025-07-03,1.17991,1.18133,1.17169,1.17565
2025-07-04,1.17577,1.17877,1.17499,1.17667
2025-07-05,1.17702,1.17702,1.17702,1.17702
2025-07-07,1.17806,1.17902,1.1718,1.17384